"rent" "rentpm2" "Area" "NumRooms" "Year" "Borough" "GoodArea" "GreatArea" "HotWater" "CentralHeating" "TiledBathrm" "QualityBathrm" "QualityKitch" "Old"
741.39 10.9 68 2 1918 2 1 0 0 0 0 0 0 "yes"
715.82 11.01 65 2 1995 2 1 0 0 0 0 0 0 "no"
528.25 8.38 63 3 1918 2 1 0 0 0 0 0 0 "yes"
553.99 8.52 65 3 1983 16 0 0 0 0 0 1 0 "no"
698.21 6.98 100 4 1995 16 1 0 0 0 0 1 1 "no"
935.65 11.55 81 4 1980 16 0 0 0 0 0 0 0 "no"
204.85 3.72 55 2 1924 6 0 0 0 0 0 1 0 "yes"
426.93 5.4 79 3 1924 6 0 0 0 0 0 0 0 "yes"
446.33 8.58 52 1 1957 6 0 0 0 0 0 0 0 "no"
381.45 4.95 77 3 1948 6 0 0 0 0 0 0 0 "yes"
337.26 9.64 35 1 1957 6 0 0 0 0 0 0 0 "no"
756.73 11.13 68 2 1985 6 1 0 0 0 0 0 0 "no"
945.9 10.28 92 3 1918 12 1 0 0 0 0 0 0 "yes"
264.93 11.52 23 1 1957.5 4 1 0 0 0 0 0 0 "no"
540.58 6.84 79 2 1918 12 1 0 0 0 0 0 0 "yes"
757.74 9.24 82 4 1966 10 0 0 0 0 1 0 0 "no"
538.7 7.48 72 3 1972 10 0 0 0 0 0 0 0 "no"
796.07 4.47 178 6 1918 1 1 0 1 1 0 0 0 "yes"
461.19 9.41 49 2 2001 3 1 0 0 0 1 0 0 "no"
752.27 8.65 87 3 1966 4 0 0 0 0 1 1 0 "no"
446.55 10.38 43 2 1972 4 0 0 0 0 0 0 0 "no"
548.17 8.99 61 2 1957 4 0 0 0 0 1 0 0 "no"
421.03 7.02 60 3 1966 4 0 0 0 0 1 0 0 "no"
759.57 8.53 89 4 1960 4 0 0 0 0 1 0 0 "no"
390 4.24 92 3 1918 4 1 0 1 1 0 0 0 "yes"
436.89 6.72 65 2 1918 4 1 0 0 0 0 0 0 "yes"
174.76 3.07 57 3 1957 14 0 0 0 0 1 0 0 "no"
354.91 9.34 38 1 1967 14 0 0 0 0 1 0 1 "no"
491.62 9.83 50 2 1985 14 0 0 0 0 0 0 0 "no"
695.36 11.04 63 2 1992 3 1 0 0 0 0 1 0 "no"
540.22 7.2 75 3 1966 5 0 0 0 0 0 0 0 "no"
325.12 6.13 53 2 1976 17 0 0 0 0 0 0 0 "no"
598.88 6.81 88 4 1966 21 1 0 0 0 1 0 0 "no"
466.38 6.86 68 3 1971 22 0 0 0 0 0 0 0 "no"
374.13 6.93 54 2 1960 7 0 0 0 0 0 0 0 "no"
488.3 6.34 77 3 1972 7 0 0 0 0 0 0 0 "no"
662.55 8.39 79 3 1957.5 3 1 0 0 0 0 0 0 "no"
357.05 9.92 36 2 1960 3 1 0 0 1 0 0 0 "no"
1061.81 11.3 94 3 1993 15 1 0 0 0 0 1 0 "no"
546.1 8.03 68 3 1918 9 1 0 0 0 0 0 0 "yes"
360.48 5.81 62 3 1918 9 1 0 1 1 0 0 0 "yes"
422.43 4.18 101 4 1918 9 1 0 0 1 0 0 0 "yes"
433.25 6.37 68 3 1966 13 0 0 0 0 1 0 0 "no"
521.53 10.87 48 2 1987 2 1 0 0 0 0 0 0 "no"
264.99 8.55 31 1 1973 11 0 0 0 0 0 0 0 "no"
480.1 7.39 65 3 1971 11 0 0 0 0 0 0 0 "no"
383.72 10.66 36 1 1972 4 1 0 0 0 0 0 0 "no"
636.13 11.78 54 2 1999 10 0 0 0 0 0 0 1 "no"
415.91 7.56 55 2 1986 10 0 0 0 0 0 0 0 "no"
1355.28 11.99 113 4 2001 23 0 0 0 0 0 0 0 "no"
575.9 5.24 110 4 1966 23 0 0 0 0 0 1 0 "no"
935.9 12.48 75 3 1971 12 1 0 0 0 0 0 0 "no"
624.8 8.33 75 2 1985 12 1 0 0 0 0 0 0 "no"
606.91 9.06 67 3 1968 19 0 0 0 0 1 0 1 "no"
347.68 8.91 39 1 1970 19 0 0 0 0 0 0 0 "no"
373.98 10.39 36 1 1966 7 0 0 0 0 1 0 0 "no"
1063.5 10.43 102 4 1924 12 1 0 0 0 0 0 0 "yes"
894.78 10.17 88 3 1960 12 0 0 0 0 0 0 0 "no"
1077.23 7.33 147 4 1918 12 1 0 0 0 0 1 0 "yes"
331.67 5.1 65 3 1966 19 0 0 0 0 0 0 0 "no"
849.24 9.99 85 3 1969 19 0 0 0 0 0 0 0 "no"
1012.86 8.73 116 6 2001 24 0 0 0 0 0 1 0 "no"
664.69 9.11 73 3 1924 23 0 0 0 0 0 0 1 "yes"
1022.6 11.36 90 3 1989 19 0 1 0 0 0 0 0 "no"
640.32 7.91 81 3 1972 19 1 0 0 0 1 0 0 "no"
649.35 11.81 55 2 1983 19 0 1 0 0 0 0 0 "no"
699.46 9.2 76 3 1918 5 0 0 0 0 1 0 0 "yes"
479.46 8.56 56 2 1957 5 1 0 0 1 1 0 0 "no"
400.34 9.31 43 1 1984 17 0 0 0 0 0 0 0 "no"
1151.63 10.97 105 3 1918 5 1 0 0 0 0 1 0 "yes"
593.4 8.99 66 3 1966 17 0 0 0 0 0 0 0 "no"
817.25 8.6 95 3 1918 5 0 0 0 0 0 0 0 "yes"
584.38 9.58 61 2 1960 4 0 0 0 0 0 0 0 "no"
505.62 8.87 57 3 1966 6 0 0 0 0 1 0 0 "no"
621.6 8.4 74 3 1984 12 0 0 0 0 0 0 0 "no"
706.61 7.36 96 3 1971 15 1 0 0 0 0 1 0 "no"
691.92 7.77 89 3 1972 13 1 0 0 0 0 1 0 "no"
566.21 8.99 63 2 1979 15 1 0 0 0 0 0 0 "no"
269.84 4.35 62 2 1918 2 0 0 1 1 0 0 0 "yes"
526.7 4.02 131 5 1924 2 0 0 0 0 0 0 0 "yes"
710.69 10.45 68 2 2000 2 0 0 0 0 0 1 0 "no"
689.49 8.21 84 3 1983 2 0 0 0 0 0 0 0 "no"
511.3 10.23 50 2 1968 2 0 0 0 0 0 0 0 "no"
418.3 5.73 73 4 1960 14 0 0 0 0 0 0 0 "no"
415.32 6.39 65 3 1966 14 0 0 0 0 0 0 0 "no"
445.33 7.81 57 2 1918 14 0 0 0 0 0 0 0 "yes"
359.73 4.13 87 3 1924 10 0 0 0 0 0 0 0 "yes"
890 10.23 87 3 1984 9 1 0 0 0 0 0 0 "no"
483.43 8.95 54 2 1992 9 1 0 0 0 0 0 0 "no"
656.51 11.13 59 2 1992 9 1 0 0 0 0 0 0 "no"
695 7.64 91 3 1966 12 0 0 0 0 0 0 0 "no"
106.22 3.32 32 1 1957 11 0 0 0 0 0 0 0 "no"
132.24 3.57 37 2 1948 11 0 0 1 1 0 0 0 "yes"
456.44 4.91 93 4 1977 11 0 0 0 0 0 0 0 "no"
489 6.19 79 3 1948 13 0 0 0 0 0 0 0 "yes"
825.48 8.01 103 4 1982 18 0 0 0 0 0 1 0 "no"
831.28 9.04 92 3 1966 16 0 0 0 0 0 0 1 "no"
715.82 10.23 70 3 1960 18 0 0 0 0 0 0 0 "no"
637.38 8.39 76 3 1989 13 0 0 0 0 0 0 0 "no"
813.78 11.3 72 3 1992 13 0 0 0 0 0 0 0 "no"
339.5 3.77 90 3 1973 13 1 0 0 0 0 1 1 "no"
598.23 8.31 72 3 1957 25 0 0 0 0 0 0 0 "no"
361.97 5.48 66 2 1924 25 0 0 0 0 0 0 0 "yes"
693.57 8.67 80 3 1966 25 0 0 0 0 0 0 0 "no"
549.98 7.64 72 3 1973 25 0 0 0 0 0 0 0 "no"
621.79 9.57 65 2 1998.5 24 0 0 0 0 0 0 1 "no"
352.85 4.97 71 3 1993 24 0 0 0 0 0 0 0 "no"
969.36 8.89 109 4 1983 21 1 0 0 0 0 1 0 "no"
298.95 5.44 55 2 1997 21 0 0 0 0 0 0 0 "no"
456.94 7.62 60 2 1997 21 0 0 0 0 0 1 0 "no"
292.28 8.35 35 2 1966 21 0 0 0 0 0 0 0 "no"
649.82 6.37 102 4 1974 13 0 0 0 0 0 1 0 "no"
363.91 11.37 32 1 1918 5 1 0 0 0 0 0 0 "yes"
1749.15 14.22 123 4 1918 13 0 1 0 0 0 0 0 "yes"
679.01 8.28 82 3 1972 13 0 0 0 0 0 0 0 "no"
643.64 9.07 71 3 1972 13 0 0 0 0 0 0 0 "no"
727.96 9.1 80 3 1918 5 0 0 0 0 0 0 0 "yes"
963.84 9.01 107 4 1966 13 0 1 0 0 0 0 0 "no"
338.34 5.21 65 3 1960 19 0 0 0 0 0 0 0 "no"
718.07 10.26 70 2 1983 19 0 0 0 0 0 0 0 "no"
892.13 9.39 95 3 1918 2 0 0 0 0 0 1 0 "yes"
1217.15 9.66 126 4 1918 2 0 0 0 1 0 0 0 "yes"
338.15 8.05 42 2 1960 2 0 0 0 0 0 0 0 "no"
466.43 9.33 50 2 1968 3 0 0 0 0 0 0 0 "no"
570.1 7.22 79 4 1966 20 0 0 0 0 0 0 0 "no"
673.47 9.23 73 4 1960 15 1 0 0 0 0 0 0 "no"
562.58 10.23 55 2 1974 9 0 1 0 0 0 0 0 "no"
639.13 3.85 166 6 1918 9 1 0 1 0 0 1 0 "yes"
619.94 5.39 115 5 1918 9 1 0 0 0 1 0 0 "yes"
426.73 10.94 39 1 1957.5 5 0 0 0 0 0 1 0 "no"
294.82 4.09 72 3 1918 5 1 0 1 1 0 0 0 "yes"
304.23 5.25 58 2 1918 5 1 0 0 1 1 1 0 "yes"
587.99 11.76 50 2 2000 8 0 0 0 0 0 0 0 "no"
308.99 4.48 69 4 1924 8 0 0 0 0 0 0 0 "yes"
516.5 8.33 62 2 1918 8 0 0 0 0 0 0 0 "yes"
998.83 12.18 82 3 1993 15 1 0 0 0 0 1 1 "no"
951.37 10.12 94 2 1988 15 1 0 0 0 0 1 0 "no"
679.38 7.72 88 4 1968 16 0 0 0 0 0 0 0 "no"
505.67 6.93 73 4 1966 16 0 0 0 0 1 0 0 "no"
292.61 7.7 38 1 1969 16 0 0 0 0 0 0 0 "no"
536.87 8.26 65 2 1969 16 0 0 0 0 1 0 0 "no"
613.55 8.07 76 2 1972 16 0 0 0 0 1 0 0 "no"
546.5 7.01 78 4 1960 14 0 0 0 0 0 0 0 "no"
246.48 4.04 61 3 1924 14 0 0 0 1 0 0 0 "yes"
588 11.53 51 2 1924 3 1 0 0 0 0 0 0 "yes"
756.34 8.5 89 4 1918 17 0 0 0 0 0 0 0 "yes"
149.62 2.49 60 3 1957 17 0 0 1 1 1 0 0 "no"
237.75 4.1 58 2 1918 5 1 0 1 1 0 0 0 "yes"
261.19 11.36 23 1 1968 17 0 0 0 0 0 0 0 "no"
476.53 6.19 77 3 1968 16 0 0 0 0 1 0 0 "no"
379.86 5.35 71 3 1970 23 0 0 0 0 0 0 0 "no"
181.98 3.87 47 2 1960 10 0 0 1 1 1 0 0 "no"
907.53 9.36 97 4 1966 10 0 0 0 0 0 0 0 "no"
767.94 7.31 105 4 1970 10 0 0 0 0 0 0 0 "no"
740.71 10.58 70 3 1967 24 0 0 0 0 0 0 1 "no"
678.93 7.63 89 4 1972 23 0 0 0 0 1 0 0 "no"
705.29 6.41 110 4 1918 9 1 0 0 0 0 0 0 "yes"
458.92 9.18 50 2 1960 9 1 0 0 0 1 1 0 "no"
560.76 6.76 83 2 1918 9 1 0 0 0 0 0 0 "yes"
559.87 10.37 54 2 1993 13 0 0 0 0 0 0 0 "no"
690 8.96 77 2 1983 4 1 0 0 0 0 0 0 "no"
920.34 9.49 97 4 1966 4 1 0 0 0 1 0 0 "no"
469.08 7.11 66 3 1966 20 0 0 0 0 1 0 0 "no"
324.67 7.92 41 2 1969 20 0 0 0 0 0 0 0 "no"
685.04 7.87 87 3 1966 4 1 0 0 0 1 0 0 "no"
410.74 4.67 88 4 1924 25 0 0 1 1 1 0 0 "yes"
608.43 10.31 59 2 1992 16 0 0 0 0 0 0 0 "no"
383.48 9.59 40 1 1984 16 0 0 0 0 0 0 0 "no"
505.23 6.56 77 4 1974 16 0 0 0 0 0 0 0 "no"
586.11 7.51 78 3 1989 16 0 0 0 0 0 0 1 "no"
585.03 8.36 70 2 1966 9 1 0 0 0 1 0 0 "no"
605.78 10.44 58 2 1918 9 0 0 0 0 0 0 0 "yes"
536.74 8.13 66 3 1960 9 0 0 0 0 0 0 0 "no"
690 11.9 58 2 1985 19 0 0 0 0 0 0 0 "no"
423.43 6.23 68 3 1982 19 1 0 0 0 0 0 1 "no"
352.5 10.37 34 1 1970 19 0 0 0 0 0 0 0 "no"
387.96 5.97 65 2 1966 19 0 0 0 0 1 0 0 "no"
428.93 9.32 46 2 1966 19 0 0 0 0 0 0 0 "no"
277.93 7.94 35 1 1966 16 1 0 0 0 0 0 0 "no"
1150.42 10.46 110 3 1960 1 1 0 0 0 0 0 1 "no"
392.98 5.1 77 3 1970 11 0 0 0 0 0 0 0 "no"
1038.48 10.82 96 4 1985 12 1 0 0 0 0 1 1 "no"
490.85 12.27 40 2 1972 2 1 0 0 0 0 0 0 "no"
389.77 6.09 64 2 1918 2 1 0 0 0 0 0 0 "yes"
618.17 7.82 79 3 1918 2 1 0 0 1 0 0 0 "yes"
718.86 8.77 82 3 1998.5 2 0 0 0 0 0 0 0 "no"
377.08 4.9 77 3 1969 17 0 0 0 0 0 0 0 "no"
552.21 8.5 65 2 1970 17 0 0 0 0 0 0 0 "no"
871.77 11.47 76 3 1984 16 0 0 0 0 1 1 0 "no"
419.27 7.36 57 2 1957 6 0 0 0 0 1 0 0 "no"
383.47 10.65 36 1 1998.5 6 0 0 0 0 0 0 0 "no"
635.69 6.84 93 3 1918 6 0 0 0 0 1 0 0 "yes"
527.76 6.07 87 4 1972 7 0 0 0 0 1 0 0 "no"
647.81 8.2 79 3 1985 7 0 0 0 0 0 0 0 "no"
345.72 9.1 38 1 1966 7 0 0 0 0 0 0 0 "no"
680.36 6.74 101 4 1972 10 0 0 0 0 0 0 0 "no"
517.59 9.77 53 3 1966 10 0 0 0 0 0 0 0 "no"
414.65 5.76 72 3 1969 22 0 0 0 0 0 0 0 "no"
722.92 8.82 82 3 2000 21 1 0 0 0 0 0 0 "no"
524.14 9.53 55 2 1971 22 0 0 0 0 0 0 0 "no"
410.97 10.27 40 1 1972 13 0 0 0 0 0 0 0 "no"
175.81 2.88 61 2 1918 25 0 0 0 1 1 0 0 "yes"
1113.78 7.96 140 5 1966 14 0 0 0 0 0 0 0 "no"
314.74 5.33 59 2 1948 14 0 0 0 0 1 0 0 "yes"
551.55 9.68 57 2 1967 13 0 0 0 0 1 0 0 "no"
773.69 11.05 70 2 1918 12 1 0 0 0 0 0 0 "yes"
487.61 12.19 40 1 1966 4 1 0 0 0 0 0 0 "no"
762.35 11.21 68 3 1918 3 1 0 0 0 0 0 1 "yes"
486.4 9.73 50 2 1960 4 1 0 0 0 0 0 0 "no"
400 11.76 34 1 1983 4 1 0 0 0 0 0 0 "no"
1119.75 10.98 102 3 1918 4 1 0 0 0 1 0 0 "yes"
538.07 10.55 51 2 1918 3 1 0 0 1 0 0 0 "yes"
1153.77 9.61 120 4 1972 4 0 0 0 0 0 1 0 "no"
300.42 11.13 27 1 1972 12 1 0 0 0 1 0 0 "no"
564.01 5.76 98 3 1918 8 0 0 0 0 1 0 0 "yes"
637.03 7 91 3 1987 2 0 0 0 0 0 0 0 "no"
562.43 8.39 67 3 1957 12 1 0 0 0 0 0 0 "no"
496.15 7.63 65 2 1918 3 1 0 0 0 1 0 0 "yes"
261.98 4.85 54 2 1957 3 1 0 1 1 1 0 0 "no"
926.93 10.19 91 4 1960 5 0 0 0 0 1 0 0 "no"
393.2 5.96 66 3 1966 19 0 0 0 0 0 0 0 "no"
565.09 6.65 85 4 1971 19 0 0 0 0 0 1 0 "no"
613.56 8.29 74 3 1974 20 0 0 0 0 0 0 0 "no"
592.96 11.19 53 2 1996 7 1 0 0 0 0 0 0 "no"
458.82 5.66 81 3 1972 6 0 0 0 0 0 0 0 "no"
279.35 7.98 35 1 1967 7 0 0 0 0 0 0 0 "no"
800 10 80 4 1988 23 0 0 0 0 0 1 0 "no"
563.96 7.42 76 3 1978 19 0 0 0 0 0 0 0 "no"
389.77 10.26 38 1 1968 19 0 0 0 0 0 0 0 "no"
1288.48 8.83 146 1 1973 19 1 0 0 0 0 0 0 "no"
488.55 7.88 62 3 1957 18 0 0 0 0 0 0 0 "no"
766.95 8.52 90 3 1979 18 0 0 0 0 0 0 0 "no"
921.23 9.21 100 3 2000 9 0 0 0 0 0 1 0 "no"
373.25 10.66 35 1 1966 9 1 0 0 0 0 0 0 "no"
331.87 9.76 34 1 1957 9 0 1 0 0 0 0 0 "no"
344.06 11.47 30 1 1971 18 1 0 0 0 0 0 0 "no"
529.56 8.41 63 2 1957 18 0 0 0 0 0 0 0 "no"
617.65 13.43 46 2 1957 18 0 0 0 0 0 0 0 "no"
239.07 3.68 65 3 1918 7 0 0 1 1 0 0 0 "yes"
424.71 7.87 54 3 1973 7 0 0 0 0 1 0 0 "no"
377.2 6.08 62 3 1960 7 0 0 0 0 0 0 0 "no"
591.44 9.7 61 2 1966 25 0 0 0 0 0 0 0 "no"
521.52 11.34 46 2 1918 3 1 0 0 0 0 0 0 "yes"
627.66 8.84 71 2 1957 3 1 0 0 0 0 0 0 "no"
426.91 8.54 50 2 1957 3 1 0 0 0 0 0 0 "no"
695.45 9.8 71 3 1966 1 1 0 0 0 0 0 0 "no"
184.11 4 46 1 1918 16 0 0 0 0 1 0 0 "yes"
661.31 7.6 87 3 1948 16 1 0 0 0 0 1 0 "yes"
869.21 9.45 92 3 1918 5 0 0 0 0 0 0 0 "yes"
304.22 6.08 50 2 1918 5 1 0 0 1 1 0 0 "yes"
997 9.68 103 3 1948 5 1 0 0 0 0 0 0 "yes"
458.11 8.33 55 2 1971 15 0 0 0 0 0 0 0 "no"
163.17 2.91 56 2 1918 21 0 0 1 1 0 0 0 "yes"
640 9.41 68 3 1971 21 1 0 0 0 0 0 0 "no"
485.74 11.3 43 2 1967 12 1 0 0 0 0 0 0 "no"
559.76 6.83 82 4 1918 12 1 0 1 1 0 0 0 "yes"
505.08 7.77 65 2 1991 21 0 0 0 0 0 0 0 "no"
603.34 9.28 65 3 1970 21 0 0 0 0 0 0 1 "no"
673.87 8.98 75 3 1981 21 0 0 0 0 0 0 0 "no"
594.4 5.66 105 5 1970 7 0 0 0 0 0 1 0 "no"
554.73 7.3 76 4 1975 7 1 0 0 0 0 0 0 "no"
768.15 8.44 91 4 1981 25 0 0 0 0 0 0 1 "no"
664.69 15.83 42 2 1957.5 9 1 0 0 0 0 0 0 "no"
764.5 9.56 80 4 2000 19 0 0 0 0 0 1 0 "no"
257.3 4.95 52 2 1987 8 0 0 0 0 0 0 0 "no"
1022.6 12.78 80 3 1918 2 1 0 0 0 0 0 0 "yes"
1195.52 8.86 135 5 1995 2 1 0 0 0 0 0 0 "no"
890.59 10.86 82 3 1918 2 1 0 0 0 0 0 0 "yes"
327.23 9.62 34 1 1918 2 0 0 0 0 0 0 0 "yes"
392.05 12.25 32 1 1966 2 1 0 0 0 0 0 0 "no"
544.93 8.79 62 2 1974 11 0 0 0 0 0 0 1 "no"
583.75 5.17 113 4 1918 12 1 0 0 0 0 0 0 "yes"
501.08 6.86 73 3 1957 6 1 0 0 0 1 0 0 "no"
676.33 7.77 87 3 1993 16 0 0 0 0 0 0 0 "no"
658.42 7.75 85 4 1960 6 0 0 0 0 0 0 0 "no"
747.22 10.24 73 4 1998.5 6 0 0 0 0 0 0 1 "no"
450.97 13.67 33 1 1973 7 0 0 0 0 0 0 0 "no"
848.76 9.43 90 4 1918 4 1 0 0 0 0 0 0 "yes"
203.75 4.74 43 2 1957 12 1 0 0 1 0 0 0 "no"
1094.18 12.16 90 3 1990 12 0 0 0 0 0 0 0 "no"
521.52 7.9 66 3 1969 25 0 0 0 0 0 1 0 "no"
592.84 11.86 50 2 1985 11 0 0 0 0 0 0 0 "no"
271.11 5.53 49 3 1960 11 0 0 0 0 0 0 0 "no"
855.03 11.71 73 3 1972 4 1 0 0 0 0 1 0 "no"
272.96 4.14 66 3 1966 11 0 0 0 0 1 0 0 "no"
602.69 8.86 68 3 1980 4 0 0 0 0 0 0 0 "no"
700.47 10.01 70 2 1998.5 25 1 0 0 0 0 0 0 "no"
486.06 5.86 83 4 1966 13 0 0 0 0 0 0 0 "no"
777.19 8.18 95 3 1966 13 0 0 0 0 0 0 1 "no"
603.33 8.62 70 3 1967 13 0 0 0 0 0 0 0 "no"
448.42 6.06 74 3 1995 16 0 0 0 0 0 0 0 "no"
509.28 7.07 72 3 1973 16 0 0 0 0 0 0 0 "no"
789.96 10.68 74 2 1983 16 1 0 0 0 0 1 0 "no"
390.26 6.5 60 2 1988 16 0 0 0 0 0 0 0 "no"
956.13 9.11 105 4 1966 18 0 0 0 0 0 0 0 "no"
769.76 12.22 63 3 1966 11 0 0 0 0 0 0 0 "no"
753.29 10.92 69 3 1983 3 1 0 0 0 0 0 0 "no"
664.69 8.52 78 3 1972 3 1 0 0 0 0 0 0 "no"
923.67 11 84 3 1918 3 1 0 0 0 0 0 0 "yes"
556.89 6.79 82 3 1957 3 1 0 0 0 0 0 0 "no"
1236.38 9.89 125 5 1918 5 1 0 0 0 0 0 0 "yes"
284.92 4.67 61 2 1924 5 0 0 0 0 0 0 0 "yes"
974.84 9.11 107 3 1918 5 1 0 0 0 0 0 0 "yes"
506.18 9.2 55 2 1960 5 1 0 0 0 0 0 0 "no"
882.24 8.91 99 3 1983 5 1 0 0 0 0 0 0 "no"
461.81 5.13 90 4 1948 24 0 0 1 1 0 1 0 "yes"
516.77 4.53 114 5 1969 10 0 0 0 0 1 0 0 "no"
572.66 11.69 49 2 1966 10 0 0 0 0 0 0 0 "no"
654.97 8.85 74 3 1987 10 0 0 0 0 0 0 0 "no"
594.54 10.08 59 2 2000 24 0 0 0 0 0 0 1 "no"
425.36 9.25 46 2 1972 10 0 0 0 0 0 0 0 "no"
505.38 9.36 54 2 1918 9 1 0 0 1 0 0 0 "yes"
653.44 10.21 64 2 1918 9 1 0 0 0 0 0 0 "yes"
814.56 10.18 80 2 1918 9 1 0 0 1 1 1 0 "yes"
282.77 5.34 53 2 1918 9 1 0 0 0 0 0 0 "yes"
471.66 7.61 62 3 1960 17 0 0 0 0 0 0 0 "no"
511.44 7.01 73 3 1989 17 0 0 0 0 0 0 0 "no"
593.11 8.6 69 3 1957 17 0 0 0 0 0 0 0 "no"
378.37 7.42 51 2 1948 17 0 0 0 0 0 0 0 "yes"
1073.73 10.74 100 5 1977 17 0 0 0 0 0 0 0 "no"
283.9 11.36 25 1 1948 4 1 0 0 0 0 0 0 "yes"
710.94 9.11 78 3 1972 11 0 0 0 0 0 0 0 "no"
408.89 8.7 47 1 1983 4 0 0 0 0 0 0 0 "no"
864.1 10.05 86 3 1966 22 0 0 0 0 0 0 0 "no"
363.35 11.01 33 1 1970 21 0 0 0 0 0 0 0 "no"
619.69 5.16 120 4 1918 21 0 0 0 0 1 0 0 "yes"
862.57 7.84 110 5 1918 21 0 0 0 0 0 1 0 "yes"
499.23 6.66 75 3 1969 19 0 0 0 0 0 0 0 "no"
938.61 11.45 82 3 1967 19 0 1 0 0 0 1 1 "no"
611.96 11.13 55 2 1972 2 0 0 0 0 0 0 0 "no"
826.91 8.27 100 3 1918 8 0 0 0 0 1 0 0 "yes"
442.9 7.38 60 2 1966 10 0 0 0 0 0 0 0 "no"
877 11.39 77 3 1971 9 1 0 0 0 1 0 0 "no"
238.62 2.43 98 3 1918 9 0 0 0 1 0 0 0 "yes"
983.17 9.36 105 4 1948 9 1 0 0 0 0 1 1 "yes"
107.74 2.63 41 1 1939 9 0 0 0 0 1 0 0 "yes"
819.13 9.1 90 3 1985 9 1 0 0 0 0 1 0 "no"
417.47 5.09 82 4 1960 9 0 0 0 0 1 0 0 "no"
1095.49 10.95 100 3 1978 4 0 0 0 0 0 0 1 "no"
735.52 10.98 67 2 1918 3 1 0 0 0 0 0 1 "yes"
710.24 12.46 57 2 1991 15 0 0 0 0 0 1 0 "no"
632.47 12.16 52 2 1972 6 0 0 0 0 0 0 0 "no"
870 9.06 96 3 1918 6 0 0 0 0 0 0 0 "yes"
495.84 7.87 63 2 1970 7 0 0 0 0 1 0 0 "no"
268.36 7.89 34 1 1957.5 6 0 0 0 1 0 0 0 "no"
637.85 7.78 82 3 1987 8 0 0 0 0 0 0 0 "no"
894.78 11.47 78 3 1918 5 1 0 0 0 0 1 1 "yes"
444.83 11.12 40 2 1918 2 0 0 0 0 0 0 0 "yes"
587.99 9.48 62 2 1918 2 0 0 0 0 0 0 0 "yes"
485.73 9.91 49 2 1918 9 1 0 0 0 0 0 0 "yes"
766.95 10.65 72 3 1990 9 1 0 0 0 0 0 0 "no"
720.93 10.45 69 3 1918 9 0 0 0 0 0 0 0 "yes"
652.04 8.47 77 3 1971 9 0 0 0 0 0 0 0 "no"
536.86 9.76 55 2 1973 9 1 0 0 0 0 0 0 "no"
332.6 8.32 40 2 1972 9 1 0 0 0 0 0 0 "no"
584.6 9.13 64 2 1972 9 0 0 0 0 0 0 0 "no"
1344.72 10.76 125 6 1993 9 1 0 0 0 0 0 0 "no"
442.46 4.21 105 4 1998.5 16 1 0 0 0 0 0 0 "no"
602.6 10.96 55 2 1989 16 0 0 0 0 0 0 0 "no"
562.43 11.25 50 2 1987 16 0 0 0 0 0 1 0 "no"
384 7.11 54 2 1975 14 0 0 0 0 0 0 0 "no"
334 5.3 63 4 1966 14 0 0 0 0 0 0 0 "no"
239.44 4.79 50 2 1966 14 0 0 0 0 0 1 0 "no"
910.11 9.48 96 4 1918 2 1 0 0 0 0 1 0 "yes"
541.87 16.93 32 1 1918 1 1 0 0 0 0 0 0 "yes"
372.34 4.14 90 3 1924 5 0 0 0 0 0 0 0 "yes"
841.08 9.04 93 3 1918 5 0 0 0 0 0 0 0 "yes"
261.53 5.56 47 1 1948 16 0 0 0 0 1 1 0 "yes"
640.14 8.42 76 2 1981 21 0 0 0 0 0 1 0 "no"
688.31 10.59 65 2 1983 21 0 0 0 0 0 0 0 "no"
1789.55 18.26 98 3 1994 21 0 1 0 0 0 1 1 "no"
311.87 5.38 58 3 1960 11 0 0 1 1 1 0 0 "no"
263.21 4.11 64 2 1939 3 1 0 1 1 1 0 0 "yes"
345.23 10.15 34 2 1960 4 0 0 0 0 0 0 0 "no"
487.89 8.13 60 2 1957 3 1 0 0 0 0 0 0 "no"
479.87 5.85 82 3 1918 4 0 0 0 0 0 0 0 "yes"
1089.39 9.81 111 4 1957 4 1 0 0 0 0 0 0 "no"
484.04 9.68 50 2 1987 3 1 0 0 0 0 0 0 "no"
619.98 11.48 54 2 1980 3 0 0 0 0 0 0 0 "no"
1216.99 11.59 105 4 1974 18 0 1 0 0 0 1 1 "no"
551.64 5.16 107 5 1918 9 1 0 0 0 1 0 0 "yes"
81.28 1.89 43 2 1918 6 0 0 0 1 0 0 0 "yes"
344.24 2.87 120 3 1918 9 1 0 0 0 0 0 0 "yes"
674.26 7.66 88 4 1983 25 0 0 0 0 0 1 0 "no"
170.04 2.5 68 3 1918 9 1 0 1 1 0 0 0 "yes"
591.56 7.99 74 3 1966 25 0 0 0 0 0 0 0 "no"
171.61 5.05 34 1 1966 9 1 0 0 0 0 0 0 "no"
840.22 9.03 93 4 1957 2 0 0 0 0 0 0 0 "no"
390.44 9.76 40 2 1975 3 1 0 0 0 0 0 0 "no"
683.74 7.95 86 3 1972 19 0 1 0 0 0 0 0 "no"
778.34 8.19 95 3 1960 18 0 0 0 0 0 0 0 "no"
370.71 6.74 55 3 1960 5 0 0 0 0 0 0 0 "no"
447.83 4.39 102 3 1918 16 0 0 0 1 0 0 0 "yes"
286.95 7.17 40 1 1948 18 0 0 0 0 0 0 0 "yes"
359.17 5.21 69 3 1960 5 1 0 1 1 1 0 0 "no"
442.29 5.33 83 3 1966 18 0 0 0 0 1 0 0 "no"
77.31 1.8 43 2 1948 19 0 0 1 0 0 0 0 "yes"
257.18 8.3 31 1 1948 19 0 0 0 0 1 0 0 "yes"
635.94 7.95 80 3 1982 19 0 0 0 0 0 0 0 "no"
533.66 5.74 93 4 1957 19 0 0 0 0 0 0 0 "no"
240.31 9.24 26 1 1957 19 0 0 0 0 0 0 0 "no"
424.38 5.51 77 3 1960 25 0 0 0 0 0 0 0 "no"
260.41 6.06 43 2 1957 25 0 0 0 0 1 0 0 "no"
249.1 4.7 53 2 1957 25 1 0 0 0 1 0 0 "no"
426.61 5.93 72 3 1948 25 0 0 0 0 0 0 0 "yes"
287.36 4.95 58 3 1957 25 0 0 0 1 1 0 0 "no"
624.3 9.18 68 2 1993 25 0 0 0 0 0 0 0 "no"
352.79 7.67 46 2 1918 6 0 0 0 1 0 0 0 "yes"
595.66 8.05 74 3 1957.5 3 1 0 0 0 1 0 0 "no"
355.59 6.97 51 2 1993 9 1 0 0 0 0 0 0 "no"
432.87 6.27 69 3 1948 9 0 0 0 0 0 0 0 "yes"
321.77 7.31 44 1 1957 2 0 0 0 0 1 0 0 "no"
377.25 5.24 72 3 1957 3 1 0 1 1 0 0 0 "no"
288.88 3.7 78 3 1966 3 0 0 0 0 0 0 0 "no"
994.29 11.7 85 4 1957.5 3 1 0 0 0 0 0 0 "no"
945.91 9.01 105 4 1966 2 1 0 0 0 0 0 0 "no"
383.36 4.62 83 3 1918 2 0 0 0 1 0 0 0 "yes"
587.99 12.51 47 2 1994 9 1 0 0 0 0 0 0 "no"
995 10.47 95 3 1918 9 1 0 0 0 0 0 0 "yes"
640 11.03 58 2 1960 9 0 0 0 0 0 0 1 "no"
732.87 8.72 84 4 1957.5 9 0 0 0 0 0 0 0 "no"
516.05 6.45 80 3 1957.5 9 0 0 0 0 0 0 0 "no"
647.81 8.2 79 3 1948 4 1 0 0 0 0 0 0 "yes"
610.77 5.18 118 4 1918 4 1 0 1 1 0 0 0 "yes"
281.21 10.04 28 1 1968 18 1 0 0 0 0 0 0 "no"
1073.73 11.3 95 3 1986 18 0 1 0 0 0 0 0 "no"
537.44 10.14 53 2 1918 18 0 0 0 0 0 0 0 "yes"
367.78 4.84 76 3 1948 17 0 0 0 0 0 0 0 "yes"
250.09 4.31 58 2 1966 16 0 0 0 0 0 0 0 "no"
404.72 5.62 72 3 1957.5 17 0 0 0 0 0 0 0 "no"
445.13 6.36 70 3 1966 18 0 0 0 0 0 0 0 "no"
564.27 7.05 80 3 1976 18 0 1 0 0 0 0 0 "no"
562.43 9.87 57 2 1948 18 0 0 0 0 0 0 0 "yes"
613.33 9.89 62 2 1972 18 0 0 0 0 0 0 0 "no"
542.86 9.2 59 2 1957 18 0 0 0 0 0 0 0 "no"
1165.75 11.54 101 5 1960 18 0 0 0 0 0 0 0 "no"
320.07 9.14 35 1 1966 18 0 0 0 0 0 0 0 "no"
824.21 10.3 80 3 1918 5 1 0 0 0 0 0 0 "yes"
307.68 4.27 72 3 1918 5 1 0 1 1 0 0 0 "yes"
498.79 6.83 73 3 1960 18 0 0 0 0 0 0 0 "no"
357.91 11.18 32 1 1975 5 0 0 0 0 0 0 0 "no"
1053.25 17.27 61 2 1997 18 0 0 0 0 0 0 1 "no"
761.94 8.37 91 4 1968 18 1 0 0 0 0 1 0 "no"
460.17 9.79 47 1 1996 18 0 0 0 0 0 0 0 "no"
368.59 7.09 52 2 2000 18 1 0 0 0 0 0 0 "no"
417.34 8.03 52 2 1939 18 1 0 0 0 0 0 0 "yes"
584.25 8.35 70 2 1918 5 0 0 0 0 0 1 0 "yes"
532.31 10.65 50 2 1957 18 0 0 0 0 0 0 0 "no"
733.6 6.67 110 4 1918 18 0 0 0 1 0 1 1 "yes"
745.62 11.84 63 2 1918 1 1 0 0 0 0 0 0 "yes"
483.69 10.08 48 1 1948 3 1 0 0 0 0 0 0 "yes"
574.25 8.32 69 3 1966 14 0 0 0 0 0 0 0 "no"
746.32 9.1 82 3 1918 2 1 0 0 0 1 0 0 "yes"
480.88 6.09 79 3 1948 2 1 0 0 0 0 0 0 "yes"
402.91 4.03 100 4 1918 2 1 0 0 0 0 0 0 "yes"
640.39 6.74 95 3 1918 2 0 0 0 1 0 0 0 "yes"
458.03 5.33 86 4 1972 11 0 0 0 0 1 0 1 "no"
283.36 7.66 37 1 1969 19 0 0 0 0 1 0 0 "no"
483.16 6.9 70 3 1971 19 0 0 0 0 1 0 0 "no"
457.2 9.94 46 1 1971 19 1 0 0 0 0 0 0 "no"
637.95 7.01 91 4 1969 19 0 0 0 0 1 0 0 "no"
634.76 8.14 78 3 1987 19 0 0 0 0 0 0 0 "no"
749.05 8.23 91 3 1972 7 0 0 0 0 0 0 0 "no"
741.39 7.89 94 4 1966 7 0 0 0 0 0 0 0 "no"
434.24 7.24 60 3 1966 6 0 0 0 0 1 0 0 "no"
573.37 6.67 86 4 1970 16 0 0 0 0 0 0 0 "no"
659.58 7.76 85 4 1969 16 0 0 0 0 0 0 0 "no"
422.3 6.12 69 3 1973 16 0 0 0 0 0 0 0 "no"
379.29 7.29 52 2 1973 16 0 0 0 0 0 0 0 "no"
441.41 4.65 95 3 1957.5 8 0 0 0 0 0 0 0 "no"
805.33 7.74 104 3 1983 22 0 0 0 0 0 1 1 "no"
680.03 9.44 72 2 1918 4 1 0 1 0 0 0 0 "yes"
677.46 9.41 72 2 1990 4 1 0 0 0 0 0 0 "no"
1012.86 11.92 85 3 1957 4 1 0 0 0 0 0 0 "no"
605.31 7.12 85 3 1957 4 1 0 0 0 0 0 0 "no"
689.2 6.69 103 4 1918 4 1 0 0 0 0 0 0 "yes"
613.56 9.9 62 3 1957 4 1 0 0 1 0 0 0 "no"
628.29 8.38 75 3 1948 4 1 0 0 0 0 0 0 "yes"
482.96 8.78 55 2 1957 3 1 0 0 1 0 0 0 "no"
843.65 11.25 75 3 1918 2 0 0 0 0 0 0 0 "yes"
488.08 8.42 58 2 1966 3 1 0 0 0 0 0 0 "no"
267.48 7.43 36 1 1957.5 9 0 0 0 0 0 0 0 "no"
366.55 4.7 78 3 1924 25 0 0 0 1 0 0 0 "yes"
818.08 10.1 81 3 1918 2 1 0 0 0 0 1 0 "yes"
383.47 8.72 44 1 1918 9 0 0 0 0 0 0 0 "yes"
460 6.48 71 3 1918 9 1 0 0 1 0 0 0 "yes"
244.5 12.22 20 1 1918 9 0 0 0 1 1 0 0 "yes"
393.7 8.95 44 1 1939 9 1 0 0 0 0 0 0 "yes"
818.07 8.18 100 4 1924 10 0 0 0 0 0 1 0 "yes"
649.36 8.12 80 3 1918 9 0 0 0 0 1 0 0 "yes"
971.47 12.14 80 3 1988 9 1 0 0 0 0 0 0 "no"
463.4 11.58 40 2 1918 5 1 0 0 1 0 0 0 "yes"
541.8 8.09 67 3 1918 5 1 0 0 0 0 0 0 "yes"
698.14 6.84 102 3 1918 5 1 0 0 0 0 0 0 "yes"
574.62 9.58 60 2 1972 17 0 0 0 0 0 0 0 "no"
716 8.84 81 3 1960 4 1 0 0 0 0 0 0 "no"
299.62 7.49 40 2 1948 11 0 0 0 0 0 0 0 "yes"
501.07 9.64 52 2 1948 12 0 0 0 0 0 0 0 "yes"
676.68 7.2 94 4 1918 5 1 0 0 0 0 0 0 "yes"
642.88 11.69 55 1 1960 13 1 0 0 0 0 0 0 "no"
579.28 9.19 63 2 1991 13 0 0 0 0 0 0 0 "no"
498.5 7.67 65 3 1918 17 0 0 0 0 0 0 0 "yes"
420.5 7.01 60 2 1918 17 0 0 0 0 1 0 0 "yes"
329.01 6.45 51 2 1966 23 0 0 0 0 0 0 0 "no"
169.74 3.2 53 2 1960 10 0 0 0 0 1 0 0 "no"
324.72 5.8 56 2 1948 23 0 0 0 0 0 0 0 "yes"
489.78 8.16 60 2 1948 21 1 0 0 0 0 0 0 "yes"
676.46 7.87 86 4 1968 6 0 0 0 0 1 0 0 "no"
568.98 10.94 52 2 1987 18 0 0 0 0 0 0 0 "no"
408.02 6.8 60 2 1966 17 0 0 0 0 0 0 0 "no"
336.29 7.01 48 1 1970 17 0 0 0 0 0 0 0 "no"
806.79 8.77 92 4 1960 17 0 0 0 0 0 0 0 "no"
623.02 7.51 83 3 1973 16 0 0 0 0 0 0 1 "no"
668.34 7.68 87 4 1966 16 1 0 0 0 0 0 0 "no"
230.15 7.19 32 1 1975 14 0 0 0 0 0 0 0 "no"
441.41 6.79 65 2 1960 18 0 0 0 1 0 0 0 "no"
489.58 6.9 71 3 1957.5 18 0 0 0 0 0 0 0 "no"
602.16 7.53 80 3 1918 5 1 0 0 1 0 0 0 "yes"
285.7 16.81 17 1 1969 18 0 0 0 0 0 0 0 "no"
511.31 9.3 55 2 1968 3 1 0 0 0 1 0 0 "no"
306.78 7.67 40 2 1918 1 1 0 0 0 0 0 0 "yes"
485.24 8.22 59 3 1960 12 1 0 0 0 1 0 0 "no"
591.67 7.79 76 3 1957.5 12 1 0 0 0 0 0 0 "no"
714.87 7.37 97 4 1918 3 1 0 0 0 0 0 0 "yes"
850.48 7.73 110 4 1960 21 1 0 0 0 0 1 0 "no"
1035.68 9.42 110 4 1957 21 1 0 0 0 0 0 0 "no"
386.65 7.89 49 2 1993 3 1 0 0 0 0 0 0 "no"
951.81 10.02 95 3 1918 2 0 0 0 1 0 0 0 "yes"
579.81 10.74 54 2 1957 2 1 0 0 0 0 0 0 "no"
680.03 8.72 78 3 1985 14 0 0 0 0 0 0 0 "no"
450.96 11.27 40 2 1991 15 1 0 0 0 0 0 0 "no"
968.16 9.31 104 4 1998.5 14 0 0 0 0 0 1 0 "no"
369.05 7.53 49 2 1957 3 1 0 0 0 0 0 0 "no"
653.16 7.26 90 3 1918 3 1 0 0 0 1 1 1 "yes"
479.95 9.23 52 2 1957 25 0 0 0 0 0 0 0 "no"
533.75 8.09 66 2 1966 25 1 0 0 0 0 0 0 "no"
200.84 3.09 65 3 1948 25 0 0 1 1 1 0 0 "yes"
349.06 6.12 57 3 1948 25 0 0 0 0 1 0 0 "yes"
899.73 9 100 4 1966 25 1 0 0 0 0 1 0 "no"
843.64 9.93 85 3 1973 19 1 0 0 0 0 1 0 "no"
597.47 6.87 87 3 1924 19 0 0 0 0 0 0 0 "yes"
1308.94 10.91 120 4 1957.5 19 0 0 0 0 0 1 0 "no"
676.77 3.76 180 6 1924 5 1 0 1 0 0 0 0 "yes"
528.03 9.78 54 2 1966 13 0 0 0 0 0 0 0 "no"
856.24 9.96 86 3 1983 4 1 0 0 0 0 0 0 "no"
971.47 10.56 92 3 1966 4 0 0 0 0 0 0 0 "no"
369.84 11.21 33 1 1957 4 1 0 0 0 0 0 0 "no"
408.84 7.86 52 1 1957 4 1 0 0 0 0 0 0 "no"
334.41 4.78 70 3 1924 4 1 0 0 0 0 0 0 "yes"
711.56 8.18 87 3 1972 25 1 0 0 0 0 0 0 "no"
563.79 7.05 80 4 1918 6 0 0 1 1 0 0 0 "yes"
585.44 10.64 55 2 1918 9 1 0 0 0 0 0 0 "yes"
770.34 8.66 89 3 1993 18 0 1 0 0 0 0 0 "no"
622.11 11.31 55 2 1993 14 0 0 0 0 0 0 1 "no"
246.18 6 41 2 1957 14 0 0 0 0 1 0 0 "no"
1173.94 6.35 185 6 1918 5 1 0 0 0 0 1 0 "yes"
537.38 6.72 80 3 1957 5 0 0 0 0 0 0 0 "no"
293.22 5.14 57 2 1966 14 0 0 0 0 0 0 0 "no"
562.43 9.53 59 3 1966 14 0 0 0 1 0 0 0 "no"
383.48 9.59 40 1 1969 13 1 0 0 0 0 0 0 "no"
688.31 7.65 90 4 1986 13 1 0 0 0 0 0 0 "no"
477.73 9.01 53 2 1998 13 0 0 0 0 0 0 0 "no"
1037.94 10.59 98 4 1991 13 0 0 0 0 0 0 1 "no"
639.12 11.62 55 2 1993 16 1 0 0 0 0 0 1 "no"
1091.6 13.64 80 3 1957.5 3 1 0 0 0 0 0 1 "no"
618.67 8.14 76 3 1957 3 1 0 0 0 1 0 0 "no"
741.39 9.38 79 3 1948 3 1 0 0 0 0 0 0 "yes"
312.92 12.04 26 1 1967 12 1 0 0 0 0 0 0 "no"
408.32 8.88 46 2 1957 12 0 0 0 0 1 0 0 "no"
826.26 8.88 93 3 1918 5 1 0 0 0 0 0 0 "yes"
350.63 7.3 48 2 1960 5 0 0 0 0 1 0 0 "no"
383.47 10.36 37 1 1957 17 0 0 0 0 0 0 0 "no"
493.43 12.34 40 1 1972 5 0 0 0 0 0 0 0 "no"
666.51 10.58 63 2 1981 5 1 0 0 0 0 0 0 "no"
664.69 8.86 75 3 1971 16 0 0 0 0 0 0 0 "no"
551.7 7.16 77 3 1971 16 0 0 0 0 1 0 0 "no"
585.09 8.13 72 3 1970 16 0 0 0 0 0 0 0 "no"
450.96 6.44 70 3 1966 16 1 0 0 0 0 1 0 "no"
593.77 7.61 78 3 1976 16 1 0 0 0 0 1 0 "no"
598.22 8.93 67 2 1948 12 0 0 0 0 0 0 0 "yes"
420.15 7.24 58 2 1960 2 1 0 0 0 1 0 0 "no"
618.84 9.1 68 2 1948 17 0 0 0 1 0 0 0 "yes"
507.02 6.95 73 3 1957 17 0 0 0 0 0 0 0 "no"
531.75 8.86 60 2 1986 17 0 0 0 0 0 0 1 "no"
734.54 8.64 85 4 1918 5 0 0 0 0 0 0 0 "yes"
1017.49 12.72 80 3 1998 2 1 0 0 0 0 0 0 "no"
567.55 12.34 46 2 1993 2 0 0 0 0 0 0 0 "no"
500.06 8.2 61 2 1957.5 2 0 0 0 1 0 0 0 "no"
331.17 8.71 38 2 1918 2 0 0 0 0 0 0 0 "yes"
593.11 10.59 56 2 1957 2 0 0 0 0 0 0 0 "no"
134.37 2.24 60 2 1957.5 2 0 0 0 1 0 0 0 "no"
195.72 4.89 40 2 1918 8 0 0 0 1 0 0 0 "yes"
659.64 6.6 100 4 1918 8 0 0 0 0 0 0 0 "yes"
773.08 11.04 70 3 1918 13 1 0 0 0 0 0 0 "yes"
313.78 4.3 73 3 1918 5 1 0 0 0 0 0 0 "yes"
279.21 5.47 51 2 1960 5 1 0 0 0 1 0 0 "no"
660.79 10.01 66 2 1991 15 1 0 0 0 0 0 1 "no"
474.4 3.95 120 4 1918 6 0 0 0 0 0 0 0 "yes"
574.14 8.83 65 3 1968 7 0 0 0 0 0 0 0 "no"
180.4 3.22 56 2 1957 7 0 0 0 1 1 0 0 "no"
736.42 6.29 117 3 1918 6 0 0 0 1 1 0 0 "yes"
360.56 4.74 76 3 1924 6 0 0 0 0 0 0 0 "yes"
736.9 10.53 70 2 1918 12 1 0 0 0 0 0 0 "yes"
536.87 10.74 50 3 1960 24 0 0 0 0 0 0 0 "no"
682.79 10.04 68 3 1967 4 0 0 0 0 0 0 0 "no"
531.76 6.04 88 3 1918 4 1 0 0 1 1 0 0 "yes"
372.6 4.19 89 3 1993 4 1 0 0 0 1 0 0 "no"
575 6.85 84 3 1957 2 1 0 0 0 0 0 0 "no"
282.93 9.13 31 1 1957 1 1 0 0 0 0 0 0 "no"
705.59 8.02 88 4 1972 24 0 0 0 0 0 1 0 "no"
513.26 7.44 69 2 1966 24 0 0 0 0 0 0 0 "no"
1004 11.16 90 4 2000 10 0 0 0 0 0 1 0 "no"
434.6 7.76 56 2 1966 10 0 0 0 0 0 0 0 "no"
448.55 6.06 74 3 1960 17 0 0 0 0 0 0 0 "no"
564.65 8.96 63 2 1957 17 0 0 0 0 0 0 0 "no"
423.99 7.85 54 2 1971 17 0 0 0 0 0 0 0 "no"
684.73 7.96 86 4 1977 16 0 0 0 0 1 0 0 "no"
1043.73 9.85 106 3 1918 2 0 0 0 0 0 0 0 "yes"
276.33 3.18 87 4 1948 9 0 0 0 0 0 0 0 "yes"
310.91 9.42 33 2 1966 9 1 0 0 0 1 0 0 "no"
460.17 8.68 53 2 1918 9 1 0 0 0 0 0 1 "yes"
363.77 5.05 72 3 1948 9 0 0 0 0 1 0 0 "yes"
509 6.53 78 3 1968 19 0 0 0 0 0 0 0 "no"
643.26 10.21 63 3 1948 20 1 0 1 1 0 0 0 "yes"
385.61 4.94 78 3 1966 7 1 0 0 0 0 0 0 "no"
700.68 9.47 74 4 1974 16 0 0 0 0 0 0 0 "no"
380.62 9.52 40 1 1988 15 1 0 0 0 0 0 0 "no"
399.49 7.68 52 2 1969 15 1 0 0 0 0 0 0 "no"
999.22 7.69 130 4 2000 15 1 0 0 0 0 1 0 "no"
687.26 9.68 71 3 1966 17 0 0 0 0 0 0 0 "no"
394.21 7.44 53 2 1957.5 2 0 0 0 0 0 0 0 "no"
435.21 6.7 65 2 1957 2 0 0 0 0 1 1 0 "no"
370.72 5.53 67 2 1918 8 0 0 0 0 0 0 0 "yes"
368.13 11.88 31 1 1985 11 0 0 0 0 0 0 0 "no"
1073.73 9.34 115 4 2000 12 0 0 0 0 0 1 0 "no"
620.34 5.8 107 4 1971 12 0 0 0 0 0 0 0 "no"
413.09 7.38 56 2 1998.5 12 0 0 0 0 0 0 1 "no"
724.37 9.17 79 3 1966 25 1 0 0 0 0 0 0 "no"
384.03 6.86 56 2 1969 25 1 0 0 0 0 0 0 "no"
1057.04 10.68 99 3 1989 21 0 0 0 0 0 0 1 "no"
494.07 8.37 59 2 1983 20 0 0 0 0 0 0 0 "no"
465.74 6.47 72 2 1924 10 0 0 0 0 1 0 0 "yes"
265.22 2.95 90 4 1918 9 0 0 1 1 0 0 0 "yes"
343.3 5.05 68 3 1957 3 1 0 1 1 1 0 0 "no"
398.54 6.53 61 3 1966 9 0 0 0 0 1 0 0 "no"
787.2 9.84 80 2 1924 9 1 0 0 1 1 0 0 "yes"
706.83 11.78 60 2 1993 9 1 0 0 0 1 0 0 "no"
220.81 4.42 50 2 1957.5 9 0 0 1 1 1 0 0 "no"
562.43 8.65 65 3 1966 7 0 0 0 0 0 0 0 "no"
392.8 5.46 72 4 1970 7 0 0 0 0 0 1 0 "no"
299.57 8.81 34 2 1957 6 0 0 0 0 0 0 0 "no"
550.53 8.1 68 3 1918 6 0 0 0 0 0 0 0 "yes"
383.69 10.37 37 1 1966 6 0 0 0 0 1 1 0 "no"
224.61 8.64 26 1 1960 3 1 0 0 1 0 0 0 "no"
613.05 8.28 74 3 1969 16 0 0 0 0 0 0 0 "no"
583.2 8.21 71 3 1973 16 1 0 0 0 0 1 0 "no"
573.43 5.73 100 5 1967 22 0 0 0 0 0 1 0 "no"
807.86 9.5 85 3 1983 22 0 0 0 0 0 1 0 "no"
398.69 12.46 32 1 1972 11 0 0 0 0 1 0 0 "no"
367.65 5.74 64 2 1971 12 0 0 0 0 0 0 0 "no"
372.63 9.81 38 2 1971 11 0 0 0 0 0 0 0 "no"
618.67 8.25 75 2 1996 24 0 0 0 0 0 0 0 "no"
484.02 7.45 65 2 1970 23 0 0 0 0 1 0 1 "no"
568.35 8.24 69 2 1966 10 0 0 0 0 0 0 0 "no"
381.87 5.87 65 2 1981 9 1 0 0 0 0 0 0 "no"
480.74 8.15 59 2 1975 10 0 0 0 0 0 0 0 "no"
1298.7 10.82 120 5 1990 10 0 0 0 0 0 0 0 "no"
392.95 13.1 30 1 1970 5 0 0 0 0 0 0 0 "no"
1232 11 112 4 1918 5 1 0 0 0 0 1 1 "yes"
462.8 11.57 40 1 1970 5 0 0 0 0 0 0 0 "no"
460.17 8.52 54 2 1986 7 0 0 0 0 0 0 0 "no"
418.24 6.86 61 2 1974 7 0 0 0 0 0 0 0 "no"
423.51 5.5 77 3 1966 7 0 0 0 0 1 0 0 "no"
817.22 7.17 114 4 1974 7 0 0 0 0 0 1 0 "no"
210.76 2.29 92 3 1948 13 1 0 0 0 0 0 0 "yes"
1578.39 12.14 130 4 1998.5 5 1 0 0 0 0 0 0 "no"
950.01 10.92 87 3 1974 5 1 0 0 0 0 0 0 "no"
422.07 10.55 40 1 1997 10 0 0 0 0 0 0 0 "no"
418.73 8.21 51 2 2000 10 0 0 0 0 0 0 1 "no"
927.08 9.27 100 4 1970 24 0 0 0 0 0 0 0 "no"
404.79 6.98 58 3 1969 10 0 0 0 0 0 0 0 "no"
625.1 7.53 83 3 1972 10 0 0 0 0 0 0 0 "no"
827.69 8.9 93 3 1939 2 1 0 0 0 0 0 0 "yes"
614.58 7.23 85 2 1918 2 1 0 0 0 0 0 0 "yes"
452.16 6.65 68 2 1957 2 1 0 0 0 0 1 0 "no"
450.73 6.73 67 3 1957 2 1 0 0 0 0 0 0 "no"
135.21 3 45 2 1924 16 0 0 0 0 1 0 0 "yes"
394.61 6.07 65 3 1960 19 0 0 0 0 0 0 0 "no"
444.41 12.01 37 2 1973 19 1 0 0 0 0 0 0 "no"
598.82 6.88 87 3 1972 19 0 0 0 0 0 0 0 "no"
269.25 5.18 52 2 1924 16 0 0 0 0 0 0 0 "yes"
399.5 4.81 83 4 1960 14 0 0 0 0 1 0 0 "no"
766.95 10.23 75 2 1924 3 1 0 0 0 1 0 0 "yes"
875.24 10.81 81 4 1966 1 1 0 0 0 1 0 0 "no"
425.64 5.75 74 3 1924 4 0 0 0 0 1 0 0 "yes"
419.46 12.71 33 1 1957 4 1 0 0 0 1 0 0 "no"
547.15 7.71 71 3 1966 9 0 0 0 0 0 0 0 "no"
601.59 10.03 60 2 1979 9 1 0 0 0 0 0 0 "no"
815.53 10.59 77 3 1985 2 1 0 0 0 0 0 0 "no"
196.85 7.57 26 1 1960 2 1 0 0 0 0 0 0 "no"
635 6.9 92 3 1918 2 1 0 0 0 0 0 0 "yes"
1266.05 12.06 105 4 1918 3 0 0 0 0 0 1 0 "yes"
337.5 8.04 42 1 1957 3 0 0 0 0 1 0 0 "no"
399.61 5.06 79 3 1957 8 0 0 0 1 1 0 0 "no"
359.02 5.52 65 2 1918 8 0 0 0 0 0 0 0 "yes"
390.57 11.84 33 2 1957.5 8 0 0 0 0 1 0 0 "no"
279.53 5.48 51 2 1957 8 0 0 0 1 1 0 0 "no"
908.72 7.57 120 6 1957 15 1 0 0 0 0 1 0 "no"
713.27 8.2 87 3 1966 15 1 0 0 0 0 0 0 "no"
966.36 10.86 89 5 1988 15 1 0 0 0 0 0 0 "no"
590.54 9.68 61 2 1987 14 1 0 0 0 0 0 1 "no"
652.49 8.82 74 3 1983 15 1 0 0 0 0 0 0 "no"
637.82 7.87 81 3 1967 15 1 0 0 0 0 0 0 "no"
494.53 5.68 87 3 1948 4 0 0 0 0 0 0 0 "yes"
741.38 12.36 60 3 1960 2 0 0 0 0 0 0 1 "no"
623.65 7.34 85 3 1918 2 0 0 0 0 0 0 0 "yes"
690.26 8.74 79 3 1957.5 2 0 0 0 0 1 0 0 "no"
1661.55 11.08 150 5 1966 13 0 0 0 0 1 0 0 "no"
583.32 9.26 63 2 1983 13 1 0 0 0 0 0 0 "no"
570.1 9.83 58 2 1957.5 13 0 0 0 0 0 0 0 "no"
874.32 11.21 78 2 1918 5 1 0 0 0 0 0 1 "yes"
1452.93 11.62 125 4 1918 5 1 0 0 0 0 0 1 "yes"
270.71 4.67 58 2 1948 16 0 0 0 0 0 0 0 "yes"
305.45 4.93 62 3 1918 16 0 0 0 0 0 0 0 "yes"
337.35 10.54 32 1 1966 3 1 0 0 0 0 0 0 "no"
290.42 10.37 28 1 1972 3 1 0 0 0 0 0 0 "no"
541.39 5.26 103 4 1918 3 1 0 0 0 0 0 0 "yes"
723.59 6.29 115 4 1918 3 1 0 0 0 0 0 0 "yes"
797.51 10.36 77 3 1957.5 3 1 0 0 0 0 0 0 "no"
715.82 9.06 79 3 1966 3 1 0 0 0 0 1 0 "no"
1022.68 9.74 105 3 1918 3 1 0 0 0 0 0 0 "yes"
559.54 9.48 59 2 1989 12 0 0 0 0 0 0 0 "no"
479.41 6.85 70 3 1957.5 3 1 0 0 0 0 0 0 "no"
327.52 10.23 32 1 1972 3 1 0 0 0 0 0 0 "no"
410.57 12.44 33 1 1966 7 0 0 0 0 0 0 0 "no"
393.37 6.45 61 2 1966 7 0 0 0 0 1 0 0 "no"
229.06 5.73 40 2 1918 6 0 0 0 1 1 0 0 "yes"
342.57 5.35 64 3 1957 13 0 0 0 0 0 0 0 "no"
560.58 9.19 61 3 1957 13 0 0 0 0 0 0 0 "no"
364.3 7.75 47 2 1967 21 0 0 0 0 0 0 0 "no"
484.01 8.49 57 2 1960 18 0 0 0 0 0 0 0 "no"
464.56 10.32 45 2 1968 23 1 0 0 0 0 0 0 "no"
270.07 4.22 64 2 1996 23 0 0 0 0 0 0 1 "no"
561.35 7.02 80 3 1966 23 0 0 0 0 1 1 0 "no"
520.49 4.86 107 4 1957.5 24 0 0 0 0 0 0 0 "no"
387.24 6.35 61 3 1966 11 0 0 0 0 0 0 0 "no"
328.39 6.84 48 2 1966 11 0 0 0 0 1 0 0 "no"
657.68 10.12 65 3 1960 11 0 0 0 0 0 0 0 "no"
815.71 10.88 75 3 1998 11 0 0 0 0 1 0 1 "no"
319.21 4.63 69 3 1957 3 1 0 0 0 0 0 0 "no"
460.17 6.77 68 2 1918 1 1 0 0 0 1 0 0 "yes"
603.34 9.73 62 3 1957 3 1 0 0 0 1 0 0 "no"
286 7.94 36 1 1948 3 1 0 0 0 1 0 0 "yes"
989.17 11.64 85 3 1918 3 1 0 0 1 0 0 0 "yes"
655.48 8.4 78 3 1960 4 1 0 0 0 0 0 0 "no"
345.75 5.01 69 2 1957 3 1 0 0 0 0 0 0 "no"
609.58 8.71 70 2 1957 3 1 0 0 0 0 0 0 "no"
782.19 12.82 61 2 1957.5 3 1 0 0 0 0 0 1 "no"
355.36 8.46 42 2 1966 21 1 0 0 0 0 0 0 "no"
644.34 7.86 82 3 1918 5 1 0 0 0 0 0 0 "yes"
243.44 3.93 62 3 1918 17 0 0 1 0 0 0 0 "yes"
392.18 7.69 51 1 1966 17 0 0 0 0 1 0 0 "no"
568.93 8.89 64 2 1989 7 0 0 0 0 0 1 0 "no"
535.92 7.66 70 3 1966 25 0 0 0 0 0 0 0 "no"
254.75 10.61 24 1 1960 25 1 0 0 0 1 0 0 "no"
1003.38 9.84 102 4 1996 25 0 0 0 0 0 0 0 "no"
415.57 7.29 57 2 1974 20 0 0 0 0 0 0 0 "no"
713.26 8.39 85 4 1975 20 1 0 0 0 0 0 0 "no"
661.5 7.35 90 3 1966 6 0 0 0 0 0 0 0 "no"
352.68 7.2 49 2 1993 9 0 1 0 0 0 0 0 "no"
1385.12 10.82 128 6 1991 9 1 0 0 0 1 0 0 "no"
738.8 10.55 70 3 1948 9 1 0 0 0 0 0 0 "yes"
306.61 12.78 24 2 1918 9 1 0 0 0 1 0 0 "yes"
582.37 9.39 62 2 1966 9 1 0 0 0 0 0 0 "no"
920.33 7.36 125 5 1924 9 1 0 0 0 0 0 0 "yes"
224.55 3.94 57 2 1918 25 0 0 0 0 0 0 0 "yes"
524.09 8.88 59 2 1973 25 0 0 0 0 1 0 0 "no"
487.77 6.77 72 3 1960 25 0 0 0 0 1 0 0 "no"
501.96 5.84 86 4 1966 21 0 0 0 0 1 0 0 "no"
640.83 8.66 74 3 1966 21 1 0 0 0 0 0 0 "no"
548.79 9.98 55 1 1995 21 1 0 0 0 0 0 0 "no"
523.33 7.81 67 3 1970 20 0 0 0 0 0 0 0 "no"
177.36 3.17 56 3 1957 25 0 0 0 1 0 0 0 "no"
564.02 7.23 78 3 1948 25 0 0 0 0 1 0 0 "yes"
714.27 7.94 90 4 1966 13 0 0 0 0 0 0 0 "no"
377.59 4.97 76 3 1948 5 1 0 0 0 0 0 0 "yes"
468.92 7.33 64 3 1957 25 0 0 0 0 0 1 0 "no"
686.32 8.07 85 4 1948 25 0 0 0 0 0 0 0 "yes"
280.7 5.85 48 2 1957 25 0 0 0 0 0 0 0 "no"
504.4 5.87 86 4 1966 20 0 0 0 0 1 0 0 "no"
364.18 5.06 72 3 1966 20 0 0 0 0 0 0 0 "no"
345.79 10.17 34 1 1970 25 1 0 0 0 1 0 0 "no"
193.38 2.93 66 3 1918 12 1 0 0 0 0 0 0 "yes"
193.18 1.89 102 4 1918 12 1 0 0 0 0 0 0 "yes"
883.53 8.84 100 4 1918 12 1 0 0 0 0 0 0 "yes"
362.13 10.65 34 1 1966 4 1 0 0 0 0 0 0 "no"
306.4 9.88 31 1 1972 4 1 0 0 0 1 0 0 "no"
771.5 11.02 70 2 1974 5 1 0 0 0 1 0 0 "no"
490.85 12.27 40 1 1979 13 0 1 0 0 0 0 0 "no"
580.32 10.55 55 2 1998 14 0 0 0 0 0 0 1 "no"
667.25 7.5 89 2 1918 2 1 0 0 0 0 0 0 "yes"
601.65 9.4 64 2 1972 2 1 0 0 0 0 0 1 "no"
711.45 5.88 121 4 1918 2 1 0 0 0 1 0 0 "yes"
370 5.21 71 2 1957 2 1 0 0 0 0 0 0 "no"
347.74 6.95 50 2 1957 2 1 0 0 0 0 0 0 "no"
967.62 11.12 87 2 1918 2 1 0 0 0 0 1 0 "yes"
627.58 7.38 85 3 1918 2 1 0 0 1 1 0 0 "yes"
617.6 7.18 86 3 1960 4 1 0 0 0 0 0 0 "no"
375.3 5.44 69 3 1966 24 0 0 0 0 0 0 0 "no"
639.21 11.62 55 2 1973 11 0 0 0 0 0 0 0 "no"
721.38 7.44 97 3 1918 11 0 0 0 0 1 0 0 "yes"
330.55 13.22 25 1 1966 4 0 0 0 0 0 0 0 "no"
675.71 10.09 67 2 1939 4 1 0 0 0 0 0 0 "yes"
1143.05 9.94 115 3 1970 13 0 0 0 0 0 0 0 "no"
354.63 11.82 30 1 1972 13 0 0 0 0 0 0 0 "no"
645.85 14.04 46 2 1994 18 0 1 0 0 0 0 0 "no"
316.62 7.2 44 2 1957 12 0 0 0 0 1 0 0 "no"
493.4 7.96 62 2 1957 2 1 0 0 0 1 0 0 "no"
456.33 7.73 59 3 1918 2 1 0 0 0 0 0 0 "yes"
801.7 6.41 125 4 1957.5 2 1 0 0 0 0 0 0 "no"
421.68 10.54 40 2 1993 16 0 0 0 0 0 0 0 "no"
704.08 9.14 77 3 1990 13 1 0 0 0 0 0 0 "no"
649.02 7.64 85 3 1983 16 0 0 0 0 0 0 0 "no"
663.33 9.61 69 3 1993 16 0 0 0 0 0 0 1 "no"
642.39 12.12 53 2 1998.5 15 1 0 0 0 0 0 1 "no"
783.23 9.91 79 3 1957 15 1 0 0 0 0 0 0 "no"
438.7 7.31 60 2 1957 4 1 0 0 0 0 0 0 "no"
525.37 9.55 55 2 1957 4 1 0 0 0 0 0 0 "no"
723.49 8.22 88 4 1970 16 0 0 0 0 0 0 0 "no"
342.57 9.26 37 1 1970 16 0 0 0 0 0 0 0 "no"
235.2 8.71 27 1 1971 16 0 0 0 0 0 0 0 "no"
510 5.8 88 4 1969 16 0 0 0 0 0 0 0 "no"
577.77 6.64 87 3 1918 5 0 0 0 0 0 0 0 "yes"
157.51 2.54 62 3 1957 6 0 0 0 0 0 0 0 "no"
509.47 7.49 68 3 1966 24 0 0 0 0 1 0 0 "no"
444.21 8.88 50 2 1989 9 1 0 0 0 0 0 0 "no"
629.09 9.53 66 2 1924 9 0 1 0 0 1 0 0 "yes"
604.17 7.28 83 3 1960 9 0 0 0 0 1 0 0 "no"
398.82 8.86 45 1 1957.5 9 0 0 0 0 0 0 0 "no"
678.4 13.05 52 2 1957 3 0 0 0 0 1 0 0 "no"
317.43 4.47 71 3 1918 9 0 0 1 1 0 0 0 "yes"
434.61 8.2 53 2 1980 9 0 0 0 0 1 0 0 "no"
717.71 7.48 96 3 1924 10 0 0 0 0 1 0 0 "yes"
525.71 7.62 69 3 1966 7 0 0 0 0 0 0 0 "no"
920.34 10.7 86 4 1966 6 0 0 0 0 0 0 0 "no"
494.28 8.24 60 2 1924 6 1 0 0 0 0 0 0 "yes"
460 7.93 58 2 1982 16 1 0 0 0 0 0 0 "no"
598 8.79 68 2 1973 16 0 0 0 0 0 0 0 "no"
378.36 6.88 55 2 1970 16 0 0 0 0 0 0 0 "no"
824.58 6.76 122 3 1918 1 1 0 0 0 0 0 0 "yes"
1538.43 8.64 178 6 1983 1 1 0 0 0 1 0 0 "no"
716 5.97 120 4 1918 4 1 0 0 0 0 0 0 "yes"
434.56 4.14 105 4 1957 16 0 0 0 0 1 0 0 "no"
766.95 10.23 75 3 1990 16 0 0 0 0 0 0 0 "no"
356.41 4.75 75 3 1918 3 1 0 0 1 1 0 0 "yes"
727.54 10.86 67 4 1957 9 0 0 0 0 0 0 0 "no"
525 7.19 73 3 1970 9 0 0 0 0 1 0 0 "no"
737.3 9.33 79 3 1957 4 1 0 0 0 0 0 0 "no"
439.2 3.51 125 4 1918 2 0 0 0 0 0 0 0 "yes"
376.26 4.82 78 3 1992 2 1 0 0 0 1 0 0 "no"
712.79 10.18 70 2 1996 3 0 0 0 0 0 0 0 "no"
491.79 4.92 100 4 1918 8 0 0 1 1 1 0 0 "yes"
449.27 8.64 52 2 1918 8 0 0 0 0 0 0 0 "yes"
1467.69 12.44 118 2 1998.5 5 1 0 0 0 1 0 1 "no"
484.66 5.64 86 4 1918 9 1 0 0 0 0 1 0 "yes"
359.8 7.5 48 2 1966 14 0 0 0 0 0 0 0 "no"
531.76 8.44 63 2 1957 3 1 0 0 0 0 0 1 "no"
419.04 8.22 51 2 1966 3 1 0 0 0 1 0 0 "no"
793.33 7.7 103 3 1918 4 1 0 0 0 0 0 0 "yes"
515.67 9.55 54 2 1960 3 1 0 0 0 0 0 0 "no"
384.31 8.35 46 2 1957 4 1 0 0 0 0 0 0 "no"
1023.31 8.82 116 4 1918 12 1 0 0 0 0 0 0 "yes"
444.83 12.71 35 1 1966 7 1 0 0 0 0 0 0 "no"
733.72 8.53 86 5 1975 20 1 0 0 0 0 0 0 "no"
715.82 10.85 66 2 1988 20 1 0 0 0 0 0 0 "no"
562 10.04 56 2 1966 6 0 0 0 0 1 0 0 "no"
603.34 10.06 60 2 1918 1 0 0 0 0 0 0 0 "yes"
821.61 6.04 136 4 1918 1 1 0 1 0 1 0 0 "yes"
1102 6.37 173 5 1918 1 0 0 0 0 0 1 0 "yes"
823.19 9.46 87 3 1918 5 1 0 0 0 0 0 0 "yes"
905.01 11.75 77 3 1998.5 19 1 0 0 0 0 1 0 "no"
733.77 5.24 140 4 1957 4 1 0 0 0 0 0 0 "no"
569.69 6.55 87 3 1957 4 1 0 0 0 0 0 0 "no"
818.08 9.09 90 4 1918 1 0 0 0 0 0 0 0 "yes"
751.6 11.39 66 3 1980 1 1 0 0 0 0 0 0 "no"
712.33 9.5 75 3 1967 1 1 0 0 0 0 0 0 "no"
329.63 12.21 27 1 1957 3 1 0 0 0 1 0 0 "no"
384 17.45 22 1 1972 14 0 0 0 0 0 0 0 "no"
281.22 5.62 50 3 1948 14 0 0 0 0 0 0 0 "yes"
786.38 10.21 77 3 1998 14 0 0 0 0 0 0 0 "no"
324.6 4.06 80 3 1948 14 0 0 0 1 0 0 0 "yes"
509.9 6.8 75 3 1983 14 1 0 0 0 0 0 0 "no"
785.76 10.76 73 3 1998 25 0 0 0 0 0 0 0 "no"
765.24 7.65 100 4 1918 25 0 0 0 0 0 0 0 "yes"
692.57 9.36 74 3 1960 25 0 0 0 0 0 0 0 "no"
368.13 10.23 36 1 1957 25 0 0 0 0 0 0 0 "no"
377.16 4.71 80 3 1957 25 1 0 0 0 1 0 0 "no"
938.6 10.67 88 3 1980 25 1 0 0 0 0 0 1 "no"
710.95 8.89 80 3 1998 25 0 0 0 0 0 0 0 "no"
556.38 8.56 65 2 1982 18 1 0 0 0 0 0 0 "no"
894 11.04 81 3 1918 5 0 0 0 0 0 0 0 "yes"
362.28 3.77 96 4 1924 5 0 0 0 1 0 0 0 "yes"
472.49 8.44 56 2 1957 5 0 0 0 0 0 0 0 "no"
617.6 7.72 80 4 1957 5 0 0 0 0 0 0 0 "no"
359.47 6.31 57 2 1957.5 4 1 0 0 0 0 0 0 "no"
328.64 6.32 52 2 1957 3 1 0 0 0 0 0 0 "no"
423.55 7.84 54 3 1948 25 0 0 0 0 0 0 0 "yes"
359.92 8.78 41 1 1957 18 0 0 0 0 0 0 0 "no"
1505.66 8.86 170 4 1918 1 0 0 0 0 1 1 0 "yes"
382.96 4.35 88 3 1957.5 1 1 0 0 0 1 0 0 "no"
275.19 8.6 32 1 1957.5 1 1 0 0 0 0 0 0 "no"
245.42 8.18 30 1 1957 1 1 0 0 0 0 0 0 "no"
664.69 7.64 87 3 1973 11 0 0 0 0 0 1 0 "no"
715.82 7.78 92 3 1918 2 1 0 0 0 1 0 0 "yes"
681.05 8.96 76 3 1918 2 1 0 0 0 0 0 0 "yes"
387.95 5.62 69 3 1939 2 0 0 0 0 0 0 0 "yes"
403.91 7.48 54 2 1960 25 1 0 0 0 0 0 0 "no"
271.05 9.68 28 1 1968 19 0 0 0 0 0 0 0 "no"
710.71 9.48 75 2 1991 19 0 0 0 0 0 0 0 "no"
521.33 7.14 73 3 1966 22 0 0 0 0 0 0 0 "no"
624.75 11.36 55 2 1966 22 0 0 0 0 0 0 0 "no"
542.12 7.23 75 3 1924 25 0 0 0 0 1 0 0 "yes"
616.6 6.17 100 4 1967 25 0 0 0 0 1 0 0 "no"
594.64 9.59 62 2 1918 5 1 0 0 0 0 0 0 "yes"
305.73 4.13 74 3 1918 5 1 0 1 1 0 0 0 "yes"
443.88 5.1 87 3 1918 5 1 0 1 1 1 0 0 "yes"
531.52 6.64 80 3 1918 5 1 0 0 1 1 0 0 "yes"
242.35 4.49 54 2 1918 16 0 0 0 0 0 0 0 "yes"
715.82 9.81 73 3 1999 17 0 0 0 0 0 0 0 "no"
499.23 7.34 68 3 1957 5 1 0 0 0 1 0 0 "no"
175.99 4.19 42 2 1948 17 0 0 0 0 0 0 0 "yes"
876.44 6.26 140 5 1918 5 1 0 0 0 0 0 1 "yes"
353.69 11.05 32 1 1918 5 0 0 0 1 0 0 0 "yes"
415.6 7.56 55 2 1957 17 0 0 0 0 0 0 0 "no"
403.93 10.1 40 1 1957 5 1 0 0 0 0 0 0 "no"
539.93 5.68 95 4 1966 18 0 0 0 0 0 0 0 "no"
356.88 9.65 37 1 1966 18 0 0 0 0 1 0 0 "no"
586.97 7.07 83 3 1957 18 0 0 0 0 1 0 0 "no"
338.48 7.52 45 2 1948 18 0 0 0 0 0 0 0 "yes"
833.42 13.23 63 2 1996 18 0 0 0 0 0 0 0 "no"
976.58 9.57 102 4 1918 9 0 0 0 0 1 1 0 "yes"
715.82 11.93 60 2 1998.5 18 0 1 0 0 0 0 1 "no"
834.15 7.51 111 5 1980 19 0 1 0 0 0 0 0 "no"
1133.94 12.06 94 3 1993 19 0 0 0 0 0 1 0 "no"
319.46 6.66 48 2 1948 19 0 0 0 0 0 0 0 "yes"
650.05 7.83 83 3 1918 19 0 0 0 0 0 0 0 "yes"
547.1 8.05 68 3 1966 11 0 0 0 0 0 0 0 "no"
450.5 6.01 75 3 1957 4 1 0 0 0 0 0 0 "no"
675.24 12.74 53 2 1918 4 1 0 0 0 0 0 0 "yes"
371.57 5.31 70 3 1948 9 0 0 0 0 0 0 0 "yes"
616.45 11.42 54 2 1918 9 1 0 0 0 0 0 0 "yes"
715.82 11.01 65 2 1918 9 1 0 0 0 0 0 0 "yes"
848.23 9.98 85 3 1966 9 1 0 0 0 0 0 1 "no"
674.92 10.07 67 3 1918 9 1 0 0 0 1 0 0 "yes"
603.34 10.97 55 2 1918 9 1 0 0 0 0 0 0 "yes"
371.91 4.27 87 4 1924 9 0 0 0 0 0 0 0 "yes"
327.75 6.69 49 2 1971 11 0 0 0 0 0 0 0 "no"
457.96 7.63 60 3 1960 11 0 0 0 0 0 0 0 "no"
736.27 9.69 76 3 1957 25 0 0 0 0 0 0 0 "no"
1237.35 10.06 123 3 1994 25 1 0 0 0 0 0 0 "no"
484.06 10.3 47 1 1968 25 1 0 0 0 0 0 0 "no"
1416.96 8.34 170 5 1966 25 1 0 0 0 0 0 0 "no"
527.12 9.25 57 3 1948 25 0 0 0 0 0 0 0 "yes"
423.22 7.56 56 2 1948 25 0 0 0 0 1 0 0 "yes"
268.53 3.09 87 3 1957 5 0 0 0 0 0 0 0 "no"
725.13 8.63 84 3 1973 16 0 0 0 0 1 0 0 "no"
609.03 6.09 100 3 1918 5 0 0 1 1 1 0 0 "yes"
785.36 11.22 70 3 1998 15 1 0 0 0 0 1 0 "no"
621.52 6.22 100 6 1948 15 1 0 0 0 0 0 1 "yes"
1632.03 14.84 110 3 1987 13 1 0 0 0 0 0 1 "no"
1041.13 8.98 116 3 1971 13 0 1 0 0 0 1 0 "no"
561.38 8.51 66 2 1980 13 0 1 0 0 0 0 0 "no"
599.75 10.17 59 2 1960 13 0 0 0 0 0 0 0 "no"
516.27 6.54 79 3 1957 13 0 0 0 0 1 0 0 "no"
591.18 7.78 76 3 1972 13 0 0 0 0 0 0 0 "no"
567.55 9.62 59 3 1987 15 1 0 0 0 0 0 1 "no"
316.56 5.02 63 2 1918 12 0 0 0 0 0 0 0 "yes"
796.99 9.38 85 3 1966 12 1 0 0 0 0 0 0 "no"
290.49 5.81 50 2 1948 12 0 0 0 0 0 0 0 "yes"
735.42 7.82 94 4 1972 10 0 0 0 0 0 0 0 "no"
352.44 9.79 36 1 1972 10 0 0 0 0 1 0 0 "no"
611.63 8.74 70 3 1966 10 0 0 0 0 1 0 0 "no"
429.49 7.16 60 2 1957.5 10 0 0 0 0 0 0 0 "no"
376.25 8.55 44 1 1999 24 0 0 0 0 0 0 0 "no"
510.24 12.15 42 2 1998.5 23 0 0 0 0 0 0 0 "no"
330.96 5.91 56 2 1957 9 1 0 0 0 1 0 0 "no"
493.83 9.88 50 2 1976 9 1 0 0 0 0 0 0 "no"
542.94 7.14 76 3 1960 3 1 0 0 0 0 0 0 "no"
362.93 4.03 90 2 1918 2 0 0 0 1 0 0 0 "yes"
401.37 9.33 43 1 1939 8 0 0 0 0 0 0 0 "yes"
603.27 10.4 58 2 1972 8 0 0 0 0 0 0 0 "no"
328.03 4.37 75 3 1918 8 0 0 0 0 0 0 0 "yes"
1094.47 11.17 98 3 1960 12 0 1 0 0 0 0 0 "no"
491.63 8.06 61 3 1960 11 0 0 0 0 1 0 0 "no"
395.62 13.19 30 1 1968 12 0 1 0 0 0 0 0 "no"
301.06 10.04 30 1 1978 3 1 0 0 0 0 1 0 "no"
613.56 10.96 56 2 1960 3 1 0 0 0 0 0 0 "no"
425.38 6.54 65 3 1972 16 0 0 0 0 0 0 0 "no"
478.23 4.93 97 4 1918 9 1 0 0 0 0 0 0 "yes"
639.11 9.83 65 2 1981 16 0 0 0 0 0 0 0 "no"
640.99 8.66 74 3 1998.5 14 0 0 0 0 0 0 0 "no"
1198 8.56 140 5 1918 5 0 0 0 0 0 1 0 "yes"
327.84 3.77 87 5 1966 5 1 0 0 0 0 0 0 "no"
299.45 5.65 53 3 1957 16 0 0 0 0 0 0 0 "no"
565.49 7.07 80 3 1957 1 0 0 0 0 0 0 0 "no"
487.16 8.86 55 2 1918 3 1 0 0 1 1 0 0 "yes"
321.56 16.08 20 1 1957.5 12 1 0 0 0 0 0 0 "no"
359.5 5.89 61 3 1966 25 0 0 0 0 0 0 0 "no"
447.23 5.73 78 3 1966 25 0 0 0 0 0 0 0 "no"
707.39 8.63 82 3 1998.5 25 1 0 0 0 0 1 1 "no"
526.98 10.13 52 2 1998.5 25 1 0 0 0 0 0 0 "no"
532.96 9.03 59 2 1967 25 0 0 0 0 1 0 1 "no"
652.9 10.36 63 3 1970 7 0 0 0 0 0 0 0 "no"
335.55 7.99 42 1 1987 25 0 0 0 0 0 0 0 "no"
444.23 5.29 84 3 1972 25 1 0 0 0 0 0 0 "no"
787.4 8.65 91 4 1978 25 1 0 0 0 0 1 0 "no"
124.47 2.39 52 2 1957 25 1 0 0 0 0 0 0 "no"
621.73 9.42 66 2 1988 21 0 0 0 0 0 0 0 "no"
843.65 10.16 83 3 2000 21 1 0 0 0 0 0 0 "no"
637.59 6.93 92 4 1985 13 0 0 0 0 0 0 0 "no"
922.52 11.53 80 3 1993 13 0 0 0 0 1 1 1 "no"
582.38 11.65 50 2 1973 13 0 0 0 0 0 0 0 "no"
572.36 8.81 65 4 1960 11 0 0 0 0 1 0 0 "no"
960.64 10.22 94 4 1997 11 0 0 0 0 0 0 0 "no"
311.05 4.04 77 3 1970 11 0 0 0 0 0 0 0 "no"
376.65 11.77 32 1 1957.5 4 1 0 0 0 1 0 0 "no"
448.16 7.6 59 3 1966 4 0 0 0 0 0 0 0 "no"
438.92 8.44 52 2 1960 4 1 0 0 0 0 0 0 "no"
567.55 10.13 56 2 1997 13 1 0 0 0 0 0 0 "no"
415.18 11.86 35 1 1996 7 0 0 0 0 0 0 0 "no"
600.26 8.96 67 3 1966 19 0 0 0 0 0 0 0 "no"
728.19 9.71 75 3 1993 7 0 0 0 0 0 0 0 "no"
823.17 9.57 86 3 1966 20 1 0 0 0 0 0 0 "no"
554.44 10.08 55 2 1918 5 1 0 0 0 0 0 0 "yes"
392.68 4.97 79 3 1918 5 0 0 0 0 0 0 0 "yes"
379.46 3.95 96 3 1918 5 1 0 1 1 0 0 0 "yes"
615.88 8.44 73 2 1918 3 1 0 0 0 0 1 0 "yes"
428.71 6.12 70 2 1918 9 0 0 0 1 0 0 0 "yes"
983.99 10.14 97 4 1957 9 0 0 0 0 0 0 0 "no"
478.27 5.31 90 4 1972 19 1 0 0 0 0 0 0 "no"
553.66 8.52 65 3 1966 19 0 0 0 0 0 0 1 "no"
692.33 10.99 63 3 1957.5 18 0 0 0 0 0 0 0 "no"
526.01 6.58 80 3 1976 18 0 1 0 0 0 0 0 "no"
513.4 8.56 60 3 1918 18 0 0 0 1 1 0 0 "yes"
826.45 12.15 68 3 1957 3 1 0 0 1 1 0 0 "no"
640.89 7.28 88 3 1966 3 1 0 0 0 0 0 0 "no"
399.54 7.54 53 2 1973 14 0 0 0 0 0 0 0 "no"
854.18 5.34 160 4 1918 9 1 0 0 0 0 1 0 "yes"
576.51 7.79 74 3 1967 9 0 1 0 0 0 0 0 "no"
743.37 6.76 110 4 1918 9 1 0 0 0 0 1 0 "yes"
400.23 5.2 77 3 1966 10 0 0 0 0 0 1 0 "no"
366.06 10.17 36 1 1999 10 0 0 0 0 0 0 0 "no"
1018.38 11.07 92 3 1983 9 1 0 0 0 0 1 1 "no"
411.23 6.85 60 2 1974 10 0 0 0 0 1 0 0 "no"
262.41 6.73 39 2 1957 11 0 0 0 0 0 0 0 "no"
428.66 5.1 84 4 1966 11 0 0 0 0 1 0 0 "no"
286.14 7.34 39 2 1948 11 0 0 0 0 0 0 0 "yes"
986.97 16.45 60 2 1966 1 1 0 0 0 0 0 0 "no"
702.64 8.89 79 3 1957 2 0 0 0 0 0 0 0 "no"
413.49 9.19 45 2 1984 3 1 0 0 0 0 0 0 "no"
299.62 4.61 65 3 1957 2 1 0 0 0 0 0 0 "no"
796.18 10.21 78 3 1957 3 1 0 0 0 0 0 0 "no"
542.08 8.09 67 2 1960 3 1 0 0 0 0 1 0 "no"
371.03 4.95 75 3 1948 25 0 0 1 1 1 0 0 "yes"
577.83 5.96 97 3 1966 16 1 0 0 0 0 0 0 "no"
717.4 9.83 73 3 1972 16 1 0 0 0 0 0 0 "no"
306.57 8.52 36 1 1983 16 1 0 0 0 0 0 0 "no"
393.97 6.25 63 2 1972 8 0 0 0 0 0 0 0 "no"
263.85 5.28 50 2 1918 8 0 0 0 1 1 0 0 "yes"
268.39 5.16 52 2 1918 8 0 0 0 0 0 0 0 "yes"
312 3.71 84 3 1918 3 0 0 0 1 0 0 0 "yes"
458.74 6.95 66 3 1966 20 0 0 0 0 0 0 0 "no"
324.28 12.97 25 1 1971 4 1 0 0 0 0 0 0 "no"
506.19 9.93 51 2 1957.5 25 0 0 0 0 0 0 0 "no"
1018.22 6.97 146 5 1918 1 0 0 0 1 1 0 0 "yes"
880.49 12.4 71 3 1957.5 1 0 0 0 0 0 0 0 "no"
409.04 8.18 50 2 1957 18 0 0 0 1 0 0 0 "no"
473.18 5.7 83 3 1957 18 0 0 0 0 0 0 0 "no"
439.08 6.97 63 3 1957 25 0 0 0 0 0 0 0 "no"
500.24 7.36 68 3 1971 11 0 0 0 0 0 0 0 "no"
649.34 6.91 94 4 1975 7 0 0 0 0 1 0 0 "no"
484.03 8.8 55 2 1966 3 1 0 0 0 0 0 0 "no"
335.21 5.59 60 2 1970 16 0 0 0 0 0 0 0 "no"
706.73 7.68 92 3 1971 19 0 0 0 0 0 0 0 "no"
807.86 11.88 68 3 1924 19 0 1 0 0 0 0 0 "yes"
664.69 8.86 75 2 1972 19 0 1 0 0 0 0 0 "no"
666.91 4.45 150 3 1969 19 0 0 0 0 0 0 0 "no"
340.01 5.48 62 3 1948 18 1 0 1 1 1 0 0 "yes"
298.42 4.2 71 2 1918 8 0 0 0 0 0 0 0 "yes"
486.37 9.18 53 2 1973 8 0 0 0 0 0 0 0 "no"
204.52 3.72 55 3 1973 8 0 0 0 0 0 0 0 "no"
788.91 9.86 80 3 1918 8 0 0 0 0 1 0 0 "yes"
529.13 11.26 47 2 1918 8 0 0 0 0 0 0 0 "yes"
210.05 2.41 87 3 1918 2 0 0 1 1 0 0 0 "yes"
299 4.15 72 3 1924 8 0 0 0 0 0 0 0 "yes"
690.52 8.32 83 3 1918 2 0 0 0 0 1 0 0 "yes"
340.98 13.11 26 1 1973 2 0 0 0 0 0 0 0 "no"
213.01 4.18 51 2 1924 9 0 0 1 1 0 0 0 "yes"
480.63 10.23 47 2 1960 9 0 0 0 0 0 0 0 "no"
812.96 11.14 73 3 1918 2 1 0 0 0 0 1 0 "yes"
449.94 12.86 35 1 1957 2 1 0 0 0 0 0 0 "no"
1457.2 11.38 128 5 1918 8 0 0 0 0 0 0 0 "yes"
1000.41 9.81 102 3 1918 8 0 0 0 0 0 0 0 "yes"
461.54 5.77 80 3 1918 2 1 0 0 0 0 0 0 "yes"
287.14 12.48 23 1 1960 9 1 0 0 0 0 0 0 "no"
1027.79 11.29 91 3 1966 9 0 1 0 0 1 1 0 "no"
1002.8 14.12 71 2 1994 3 0 0 0 0 1 1 0 "no"
357.91 9.94 36 1 1957.5 9 0 0 0 0 0 0 0 "no"
479.63 4.4 109 4 1924 10 0 0 0 0 0 0 0 "yes"
478.07 10.62 45 2 1978 9 0 0 0 0 0 0 0 "no"
432.14 7.86 55 2 1924 9 1 0 0 0 0 0 0 "yes"
531.2 7.28 73 3 1972 10 0 0 0 0 0 0 0 "no"
505.87 10.12 50 1 1957 3 1 0 0 0 0 0 0 "no"
409.05 9.09 45 1 1966 19 1 0 0 0 0 0 0 "no"
565.8 8.84 64 3 1966 19 0 0 0 0 0 0 0 "no"
685.78 8.36 82 4 1972 19 1 0 0 0 0 0 0 "no"
321.1 6.55 49 2 1966 19 0 0 0 0 0 0 0 "no"
897.43 11.22 80 3 1994 25 0 0 0 0 0 0 1 "no"
787.38 10.5 75 3 1998.5 15 1 0 0 0 0 0 1 "no"
352.8 8.82 40 1 1969 16 0 0 0 0 0 0 0 "no"
355.15 12.68 28 1 1972 21 1 0 0 0 0 0 0 "no"
789.25 7.66 103 4 1989 22 0 0 0 0 0 1 0 "no"
894.6 13.35 67 2 1993 4 0 0 0 0 0 1 0 "no"
478.9 9.04 53 2 1966 4 0 0 0 0 0 1 0 "no"
444.67 6.35 70 3 1966 20 0 0 0 0 0 0 0 "no"
215.95 5.02 43 2 1924 25 0 0 0 0 0 0 0 "yes"
554.76 8.95 62 2 1918 25 0 0 0 0 0 1 0 "yes"
393.59 5.32 74 3 1924 25 0 0 0 1 0 0 0 "yes"
646.8 12.44 52 2 1996 25 0 0 0 0 0 0 0 "no"
747.83 10.11 74 3 1957 1 1 0 0 0 0 0 0 "no"
427.86 9.72 44 1 1957 5 0 0 0 0 0 0 0 "no"
771.21 11.02 70 2 1918 2 1 0 0 0 0 0 0 "yes"
376 13.43 28 1 1960 3 0 0 0 0 0 0 0 "no"
269.63 5.99 45 2 1957.5 9 1 0 0 0 0 0 0 "no"
654.46 10.23 64 2 1918 4 1 0 0 0 0 0 0 "yes"
323.87 10.45 31 1 1966 4 1 0 0 0 0 0 0 "no"
493.85 7.16 69 3 1966 4 1 0 0 0 1 0 0 "no"
780.91 10.41 75 3 1918 4 1 0 0 0 0 0 0 "yes"
951.02 9.32 102 4 1957 4 1 0 0 0 0 0 0 "no"
618.67 11.25 55 2 1948 4 0 0 0 0 0 0 1 "yes"
658.87 9.41 70 2 1996 16 0 0 0 0 1 0 0 "no"
553.35 7.69 72 3 1957 17 0 0 0 0 1 0 0 "no"
214.14 5.95 36 2 1948 17 0 0 0 0 0 0 0 "yes"
389.49 7.95 49 2 1960 16 0 0 0 0 1 0 0 "no"
386.22 10.44 37 1 1918 17 0 0 0 0 0 0 0 "yes"
328.63 5.87 56 2 1948 18 0 0 0 0 0 0 0 "yes"
812.97 10.99 74 2 1918 18 0 0 0 0 0 0 0 "yes"
810.55 7.37 110 3 1972 3 1 0 0 0 0 1 0 "no"
498.06 7.43 67 2 1957 4 0 0 0 0 0 0 0 "no"
559.67 11.19 50 2 1989 12 0 0 0 0 0 0 1 "no"
515.77 11.72 44 2 1924 21 1 0 0 0 0 0 1 "yes"
812 11.12 73 3 1974 21 1 0 0 0 0 0 0 "no"
971.47 10.79 90 3 1993 22 0 0 0 0 0 0 0 "no"
360.57 5.63 64 2 1918 21 1 0 0 1 0 0 0 "yes"
269.7 4.28 63 3 1948 22 0 0 0 0 1 0 0 "yes"
356.89 7.93 45 2 1966 21 1 0 0 0 0 0 0 "no"
256.67 5.83 44 2 1948 12 0 0 0 0 0 0 0 "yes"
313.84 9.51 33 1 1948 12 0 0 0 0 0 0 0 "yes"
485.43 7.36 66 3 1960 11 0 0 0 0 1 0 0 "no"
283.07 5.44 52 2 1966 11 0 0 0 0 0 0 0 "no"
869.85 7.98 109 4 1972 12 1 0 0 0 0 0 1 "no"
446.07 6.28 71 3 1960 11 0 0 0 0 0 0 0 "no"
130.35 3.62 36 2 1948 14 0 0 1 1 0 0 0 "yes"
388.6 8.27 47 2 1972 5 0 0 0 0 1 0 0 "no"
696.09 9.04 77 3 1948 13 0 1 0 0 1 0 0 "yes"
413.66 4.26 97 3 1924 5 0 0 0 0 0 0 0 "yes"
444.83 10.59 42 1 1960 5 1 0 0 0 1 0 0 "no"
485.72 5.34 91 3 1918 17 0 0 0 0 1 0 0 "yes"
580.28 5.28 110 3 1918 1 0 0 1 0 0 0 0 "yes"
1533.9 11.8 130 5 1918 1 1 0 0 0 0 0 0 "yes"
713.39 5.1 140 3 1918 1 1 0 0 0 0 0 0 "yes"
570.34 9.2 62 2 1984 14 0 0 0 0 0 0 0 "no"
516.55 7.71 67 3 1966 14 0 0 0 0 0 0 0 "no"
920.34 8.37 110 4 1918 5 1 0 0 0 0 0 0 "yes"
606.9 8.67 70 3 1957.5 5 1 0 0 0 1 0 0 "no"
352.12 4.51 78 3 1960 5 1 0 0 0 0 0 0 "no"
570.67 8.78 65 3 1960 13 0 1 0 0 0 0 0 "no"
787.41 12.3 64 2 1918 5 1 0 0 0 0 0 1 "yes"
302.84 3.36 90 3 1918 5 1 0 0 0 1 0 0 "yes"
936.01 6.88 136 5 1918 5 1 0 0 0 0 0 0 "yes"
869.57 9.25 94 3 1994 14 0 0 0 0 0 0 0 "no"
200.42 3.85 52 2 1957 14 0 0 0 0 0 0 0 "no"
409.96 5.62 73 3 1957 14 0 0 0 0 0 0 0 "no"
208.56 11.59 18 1 1966 14 0 0 0 0 0 0 0 "no"
703.12 6.76 104 4 1918 14 0 0 0 0 0 0 0 "yes"
971.47 11.85 82 3 1994 14 1 0 0 0 0 1 0 "no"
530.17 9.3 57 2 1983 5 1 0 0 0 0 0 0 "no"
396.23 8.25 48 3 1918 8 0 0 0 0 0 0 0 "yes"
855.78 6.85 125 3 1918 8 0 0 0 0 0 1 0 "yes"
151 3.43 44 2 1924 4 1 0 0 1 1 0 0 "yes"
294 5.44 54 2 1973 4 1 0 0 0 1 0 0 "no"
389.23 9.05 43 2 1948 4 1 0 1 1 0 0 0 "yes"
398.81 9.73 41 1 1957 2 1 0 0 0 1 0 0 "no"
515.58 7.7 67 2 1918 2 1 0 0 0 0 0 0 "yes"
392.14 9.8 40 1 1960 2 1 0 0 0 0 0 0 "no"
611.66 4.37 140 4 1918 4 1 0 0 0 0 0 0 "yes"
306.53 8.76 35 1 1957 4 1 0 0 0 0 0 0 "no"
327.05 12.58 26 1 1966 2 1 0 0 0 0 0 0 "no"
421.31 7.52 56 2 1918 2 1 0 0 0 0 0 0 "yes"
455.22 5.55 82 4 1948 12 0 0 0 1 0 0 0 "yes"
414.58 7.4 56 2 1967 24 0 0 0 0 1 0 0 "no"
373.9 6.92 54 2 1966 24 0 0 0 0 1 0 0 "no"
389.95 5.57 70 3 1966 24 0 0 0 0 1 0 0 "no"
454.32 6.78 67 3 1960 24 0 0 0 0 1 0 0 "no"
155.59 5.19 30 1 1957.5 24 0 0 0 0 1 0 0 "no"
553.4 9.22 60 2 1984 7 0 0 0 0 0 0 0 "no"
629.18 5.94 106 5 1973 7 0 0 0 0 1 1 0 "no"
398.55 5.31 75 3 1967 6 0 0 0 0 0 0 0 "no"
109.32 2.6 42 1 1939 7 0 0 0 1 0 0 0 "yes"
590.19 7.87 75 2 1970 16 1 0 0 0 0 0 0 "no"
536.86 9.42 57 2 1995 16 0 0 0 0 0 0 0 "no"
543.41 7.25 75 2 1924 13 0 0 0 0 0 0 0 "yes"
583.53 9.73 60 2 1999 15 1 0 0 0 0 0 0 "no"
322.13 6.32 51 2 1948 13 0 0 0 0 1 0 0 "yes"
512.58 7.22 71 3 1960 21 0 0 0 0 0 0 0 "no"
688.51 8.83 78 3 1960 22 0 0 0 0 0 0 0 "no"
321.21 6.06 53 2 1972 21 1 0 0 0 0 0 0 "no"
896.82 9.96 90 2 1918 2 0 0 0 0 0 0 0 "yes"
281.21 8.03 35 2 1918 2 0 0 0 0 0 0 0 "yes"
758.37 7.36 103 4 1957 2 1 0 0 0 0 0 0 "no"
1252.69 13.47 93 3 1918 2 1 0 0 0 1 0 0 "yes"
997.03 12.16 82 3 1918 2 0 0 0 0 0 1 0 "yes"
345.54 6.52 53 2 1948 25 0 0 0 0 1 0 0 "yes"
284.55 5.17 55 2 1948 19 0 0 0 0 1 0 0 "yes"
361.7 7.7 47 2 1968 19 0 0 0 0 1 0 0 "no"
614.58 10.97 56 3 1960 19 1 0 0 0 1 0 0 "no"
779.73 8.96 87 4 1967 21 1 0 0 0 0 0 0 "no"
720.11 6.86 105 4 1969 22 0 0 0 0 0 0 0 "no"
591 8.44 70 3 1997 22 0 0 0 0 0 0 1 "no"
404.18 7.77 52 1 1967 21 0 0 0 0 0 0 0 "no"
492.94 8.22 60 2 1983 20 0 0 0 0 0 0 0 "no"
611.56 7.94 77 3 1974 20 1 0 0 0 0 0 0 "no"
853.32 8.89 96 3 1997 20 1 0 0 0 0 1 0 "no"
588.74 12.02 49 3 1948 20 1 0 0 0 0 0 0 "yes"
529.62 8.98 59 2 1973 25 0 0 0 0 1 0 0 "no"
518.61 7.74 67 3 1957.5 3 1 0 0 0 0 0 0 "no"
379.11 8.82 43 2 1918 8 0 0 0 0 1 0 0 "yes"
1109.52 8.1 137 4 1918 3 1 0 0 0 1 0 0 "yes"
368.13 6.69 55 2 1918 9 1 0 0 0 1 0 0 "yes"
476.79 7.45 64 2 1957.5 2 1 0 0 0 1 0 0 "no"
485.93 9 54 2 1957 3 1 0 0 0 0 0 0 "no"
279.81 7.17 39 1 1960 3 1 0 0 0 1 0 0 "no"
605.6 8.65 70 2 1957 3 1 0 0 0 0 0 0 "no"
166.48 4.06 41 2 1918 9 1 0 1 0 0 0 0 "yes"
210.55 3.24 65 3 1957 9 0 0 1 0 1 0 0 "no"
670.34 8.38 80 3 1977 9 1 0 0 0 0 0 0 "no"
419.22 9.11 46 2 1979 3 1 0 0 0 0 0 0 "no"
701.46 8.25 85 3 1918 4 1 0 0 0 0 0 0 "yes"
666.22 8.43 79 3 1986 12 1 0 0 0 1 0 0 "no"
383.47 10.09 38 1 1973 12 1 0 0 0 0 0 0 "no"
1135.96 10.23 111 5 1960 4 1 0 0 0 0 0 0 "no"
323.92 10.8 30 1 1960 4 1 0 0 0 1 0 0 "no"
620.44 8.74 71 3 1966 24 0 0 0 0 0 0 0 "no"
463.64 9.46 49 2 1966 10 0 0 0 0 1 0 0 "no"
807.75 11.07 73 3 1969 10 0 0 0 0 0 0 0 "no"
343.22 11.07 31 1 1972 10 0 0 0 0 0 0 0 "no"
275.52 6.12 45 2 1960 10 0 0 0 1 1 0 0 "no"
613.56 10.4 59 2 1993 23 0 0 0 0 0 0 0 "no"
594.93 9.15 65 2 1992 13 0 0 0 0 0 0 0 "no"
820.88 8.73 94 4 1989 13 0 0 0 0 0 0 0 "no"
634.09 10.23 62 2 1918 12 0 0 0 0 0 0 0 "yes"
470.52 8.71 54 2 1994 11 0 0 0 0 1 0 0 "no"
359.91 6.92 52 1 1966 4 0 0 0 0 1 0 0 "no"
355.5 5.64 63 3 1918 9 1 0 0 0 1 0 0 "yes"
1227.12 10.14 121 5 1924 9 1 0 0 0 0 0 0 "yes"
407.23 13.14 31 1 1972 9 1 0 0 0 0 0 0 "no"
388.59 6.27 62 2 1957.5 2 1 0 0 0 1 0 0 "no"
504.13 6.15 82 3 1957 8 0 0 0 1 1 0 0 "no"
695.37 7.56 92 3 1948 2 1 0 0 0 0 0 0 "yes"
575.23 8.22 70 3 1918 21 1 0 0 0 0 1 0 "yes"
677.98 7.21 94 4 1974 20 0 0 0 0 0 0 0 "no"
539.86 6.66 81 3 1975 20 1 0 0 0 0 0 0 "no"
414.97 13.83 30 1 1969 20 1 0 0 0 0 0 0 "no"
336.27 3.23 104 5 1960 20 1 0 0 0 1 1 0 "no"
848.11 11.78 72 3 1918 9 0 0 0 0 0 0 0 "yes"
752.08 7.67 98 4 1924 10 0 0 0 0 0 0 0 "yes"
697.15 7.75 90 4 1960 9 0 1 0 0 1 0 0 "no"
422.46 7.54 56 2 1966 9 0 0 0 0 0 0 0 "no"
296.46 4.42 67 3 1966 11 0 0 0 0 0 0 0 "no"
899.95 10.59 85 3 1918 12 1 0 0 0 0 0 0 "yes"
884.16 10.65 83 3 1918 12 1 0 0 1 0 1 0 "yes"
463.97 6.36 73 3 1960 4 1 0 0 0 0 0 0 "no"
608.72 11.07 55 2 1996 13 1 0 0 0 0 0 1 "no"
342.57 10.08 34 1 1973 15 1 0 0 0 0 0 0 "no"
983.13 12.29 80 4 1996 14 1 0 0 0 0 0 0 "no"
347.98 6.69 52 2 1969 16 0 0 0 0 0 0 0 "no"
256.94 9.18 28 1 1957 3 1 0 0 0 0 0 0 "no"
251.43 3.59 70 3 1957 3 1 0 0 0 0 0 0 "no"
678.48 8.81 77 3 1972 13 0 0 0 0 0 0 0 "no"
604.19 9.3 65 2 1992 13 0 0 0 0 0 0 1 "no"
724 10.34 70 3 1992 13 0 0 0 0 1 0 1 "no"
228.87 5.87 39 1 1966 18 0 0 0 0 0 0 0 "no"
1175.97 9.41 125 4 1918 6 0 0 0 0 1 1 0 "yes"
554.99 9.57 58 2 1957 17 0 0 0 0 0 0 0 "no"
664.69 10.39 64 2 1973 20 1 0 0 0 0 0 0 "no"
370.61 5.29 70 2 1966 6 0 0 0 0 0 0 0 "no"
561.12 7.79 72 2 1974 20 1 0 0 0 0 0 0 "no"
840 10.37 81 3 1966 20 0 0 0 0 1 0 1 "no"
725.94 8.16 89 3 1973 21 0 0 0 0 0 0 0 "no"
517.97 12.95 40 2 1993 21 1 0 0 0 0 0 1 "no"
652.93 9.07 72 3 1983 21 0 0 0 0 0 0 0 "no"
250.4 6.26 40 2 1968 25 0 0 0 0 0 0 0 "no"
794.02 10.31 77 3 1973 19 0 0 0 0 0 1 0 "no"
514.35 6.86 75 3 1970 19 1 0 0 0 0 0 0 "no"
438.69 5.55 79 3 1973 19 0 0 0 0 0 0 0 "no"
925.45 11.57 80 2 1957 19 0 0 0 1 0 0 0 "no"
299.52 4.75 63 3 1966 19 0 0 0 0 0 0 0 "no"
358.18 8.53 42 2 1957 1 1 0 0 0 0 0 0 "no"
1147.85 10.83 106 3 1986 1 1 0 0 0 0 0 0 "no"
900 7.5 120 4 1918 1 1 0 0 0 0 0 0 "yes"
1575.71 13.02 121 3 1997 1 1 0 0 0 0 0 1 "no"
651.03 10.33 63 2 1997 1 1 0 0 0 0 0 1 "no"
582.89 8.1 72 2 1993 19 0 0 0 0 0 0 0 "no"
660.18 7.34 90 5 1976 20 1 0 0 0 0 1 0 "no"
562.42 8.65 65 2 1981 25 0 0 0 0 0 1 0 "no"
432.05 8.15 53 2 1966 11 0 0 0 0 0 0 0 "no"
802.93 6.53 123 5 1918 1 1 0 0 0 0 0 0 "yes"
340.67 5.32 64 2 1972 19 0 0 0 0 0 0 0 "no"
538.1 11.45 47 2 1974 19 0 0 0 0 0 0 0 "no"
720.59 9.01 80 3 1987 19 0 0 0 0 0 1 1 "no"
408.75 5.84 70 2 1969 19 0 0 0 0 0 0 0 "no"
654.78 7.44 88 4 1969 19 0 0 0 0 0 0 0 "no"
380.76 10.02 38 1 1983 19 0 0 0 0 0 0 0 "no"
1030.03 6.87 150 4 1980 13 1 0 0 0 0 1 0 "no"
536.07 7.15 75 3 1993 13 0 0 0 0 0 0 0 "no"
1015.18 15.15 67 3 1967 13 0 0 0 0 0 0 0 "no"
794.31 9.57 83 4 1973 24 0 0 0 0 0 0 0 "no"
172.23 4.42 39 2 1948 11 0 0 0 1 0 0 0 "yes"
163.41 4.09 40 2 1957 11 0 0 1 1 1 0 0 "no"
235.96 5.02 47 2 1960 17 0 0 0 0 1 0 0 "no"
651.93 7.85 83 3 1948 17 0 0 0 0 0 0 0 "yes"
631.62 11.48 55 2 1982 5 1 0 0 0 0 0 0 "no"
654.68 9.35 70 2 1957 18 0 0 0 0 0 0 0 "no"
303.45 5.84 52 2 1966 5 1 0 0 0 1 0 0 "no"
847.8 10.34 82 3 1985 13 0 1 0 0 0 1 1 "no"
529.46 4.77 111 4 1918 5 0 0 1 1 0 0 0 "yes"
897.98 11.51 78 3 1992 16 0 0 0 0 0 0 0 "no"
634.21 9.47 67 3 1966 21 0 0 0 0 0 0 0 "no"
401.89 11.16 36 1 1957.5 21 1 0 0 0 0 0 0 "no"
549.2 9.15 60 2 1971 22 0 0 0 0 0 0 0 "no"
111.97 2.6 43 1 1973 16 0 0 0 0 0 0 0 "no"
348 10.24 34 1 1966 18 0 0 0 0 0 0 0 "no"
746.5 9.82 76 3 1997 18 0 1 0 0 0 1 0 "no"
446.26 9.3 48 2 1983 13 1 0 0 0 1 0 0 "no"
585.03 8.01 73 2 1966 4 0 0 0 0 0 0 0 "no"
538.17 4.89 110 5 1957 17 0 0 0 0 1 1 0 "no"
556.43 7.73 72 3 1973 14 0 0 0 0 0 0 0 "no"
571.6 11.67 49 2 1984 18 0 1 0 0 0 0 0 "no"
1155.54 12.43 93 3 2000 13 1 0 0 0 0 0 0 "no"
963.1 11.47 84 3 1970 13 0 1 0 0 0 0 0 "no"
319.56 10.65 30 1 1968 13 0 0 0 0 0 0 0 "no"
538.62 10.36 52 2 1918 13 1 0 0 0 0 0 0 "yes"
502.31 6.88 73 3 1967 13 0 0 0 0 1 0 0 "no"
444.65 5.23 85 4 1966 13 0 0 0 0 1 1 0 "no"
603.34 7.64 79 3 1986 13 1 0 0 0 0 0 0 "no"
777.17 10.95 71 3 1972 18 0 0 0 0 0 0 1 "no"
640.86 10.34 62 4 1948 18 0 0 0 0 0 0 0 "yes"
466.58 7.53 62 2 1957.5 18 1 0 0 0 1 0 0 "no"
271.17 2.92 93 4 1972 17 0 0 0 0 0 0 0 "no"
463 6.26 74 4 1967 18 0 0 0 0 0 0 0 "no"
753.02 6.28 120 5 1918 5 0 0 0 0 1 0 0 "yes"
602.61 10.04 60 2 1957 3 1 0 0 0 0 0 1 "no"
373.34 12.87 29 1 1972 4 1 0 0 0 0 0 0 "no"
1101.85 10.02 110 4 1957.5 3 1 0 0 0 0 0 0 "no"
317.62 6.48 49 2 1960 3 1 0 0 0 1 0 0 "no"
900.65 10.85 83 3 1985 2 1 0 0 0 0 0 0 "no"
377.87 5.56 68 3 1918 2 1 0 0 1 1 0 0 "yes"
924.55 7.7 120 3 1918 2 1 0 0 0 1 0 0 "yes"
562.43 10.42 54 2 1991 17 0 0 0 0 0 0 1 "no"
485.74 10.79 45 2 1966 5 1 0 0 0 0 0 0 "no"
314.09 11.22 28 1 1918 17 0 0 1 1 1 0 0 "yes"
493.41 5.09 97 4 1924 10 0 0 0 0 1 0 0 "yes"
222.41 4.45 50 2 1957 9 0 1 0 0 0 0 0 "no"
1532.99 8.81 174 3 1918 4 1 0 0 0 0 0 0 "yes"
493.13 4.52 109 3 1924 4 1 0 0 0 1 0 0 "yes"
351.86 3.82 92 4 1948 12 1 0 1 1 1 0 0 "yes"
485.74 9.71 50 2 1957 16 0 0 0 0 0 0 0 "no"
511.3 9.65 53 2 1992 6 0 0 0 0 0 0 1 "no"
552.2 12.27 45 2 1992 6 0 0 0 0 0 0 0 "no"
455.05 7.11 64 3 1960 25 0 0 0 0 0 0 0 "no"
271.9 9.06 30 1 1970 7 0 0 0 0 0 0 0 "no"
385.6 7.01 55 2 1948 11 0 0 0 0 0 0 0 "yes"
265.88 13.29 20 1 1972 3 1 0 0 0 0 0 0 "no"
899.89 10.97 82 3 1918 6 0 0 0 0 0 0 0 "yes"
473.64 4.39 108 5 1957.5 11 0 0 0 0 1 0 0 "no"
128.9 4.3 30 1 1966 24 0 0 0 0 0 0 0 "no"
388.92 3.11 125 5 1918 2 0 0 1 1 0 0 0 "yes"
1136.95 9.1 125 4 1918 4 1 0 0 0 0 0 0 "yes"
747.73 7.4 101 3 1918 2 1 0 0 0 0 1 0 "yes"
248.34 2.73 91 3 1918 2 1 0 1 1 0 0 0 "yes"
789.56 9.75 81 3 1948 12 1 0 0 0 0 0 1 "yes"
893.25 12.24 73 2 1918 4 1 0 0 0 0 0 0 "yes"
405.6 6.44 63 2 1957 2 1 0 0 0 0 0 0 "no"
458.85 9.76 47 1 1981 7 1 0 0 0 0 0 0 "no"
536.86 11.42 47 2 1957 1 0 0 0 0 0 0 0 "no"
373.47 7.05 53 1 1918 12 1 0 0 1 0 0 0 "yes"
388.81 9.72 40 2 1957 1 0 0 0 1 0 0 0 "no"
916.25 9.96 92 4 1948 5 0 0 0 0 0 0 0 "yes"
345.29 5.95 58 2 1918 14 0 0 0 0 0 0 0 "yes"
549.68 7.53 73 2 1980 14 0 0 0 0 0 0 0 "no"
290.71 4.15 70 2 1939 3 1 0 0 1 0 0 0 "yes"
426.46 12.54 34 1 1983 12 1 0 0 0 1 0 0 "no"
434.68 9.88 44 1 1973 12 1 0 0 0 0 0 0 "no"
335.21 6.98 48 2 1966 7 0 0 0 0 1 0 0 "no"
309 5.33 58 2 1957 7 0 0 0 1 1 0 0 "no"
346.67 6.67 52 2 1960 7 0 0 0 0 1 0 0 "no"
423.45 6.83 62 2 1983 7 0 0 0 0 0 0 0 "no"
765.77 7.51 102 3 1957 2 0 0 0 1 0 0 0 "no"
403.92 8.42 48 1 1972 8 0 0 0 0 0 0 0 "no"
474.76 4.65 102 3 1918 2 0 0 0 1 0 0 0 "yes"
602.23 9.87 61 2 1918 2 0 0 0 0 0 0 0 "yes"
323.3 11.15 29 1 1980 5 0 0 0 0 1 0 0 "no"
511.6 6.91 74 3 1957 13 1 0 0 0 0 0 0 "no"
98.85 2.3 43 2 1948 13 0 0 0 1 1 0 0 "yes"
591.24 7.88 75 3 1969 16 0 0 0 0 1 0 0 "no"
518.51 12.06 43 2 1992 13 0 0 0 0 0 0 0 "no"
522.03 6.53 80 3 1966 25 0 0 0 0 0 0 0 "no"
373.37 9.33 40 2 1918 25 0 0 0 1 1 0 0 "yes"
781.05 11.16 70 3 1974 25 0 0 0 0 1 1 1 "no"
296.75 3.96 75 2 1918 2 0 0 0 1 1 0 0 "yes"
1068.13 13.69 78 3 1998.5 2 1 0 0 0 0 0 0 "no"
266.26 7.01 38 2 1948 11 0 0 0 0 0 0 0 "yes"
483 10.73 45 2 1924 12 0 0 0 0 0 0 0 "yes"
569 13.23 43 2 1960 11 0 0 0 0 0 0 0 "no"
555.34 9.57 58 2 1966 11 0 0 0 0 0 0 0 "no"
307.53 11.39 27 1 1985 11 0 0 0 0 0 0 0 "no"
294.05 8.91 33 1 1972 11 0 0 0 0 0 0 0 "no"
301.09 4.63 65 3 1966 11 0 0 0 0 0 0 0 "no"
741.39 6.86 108 4 1969 22 0 0 0 0 0 0 0 "no"
625.69 8.46 74 3 1972 21 1 0 0 0 0 1 1 "no"
521.52 8.28 63 2 1974 20 1 0 0 0 0 0 0 "no"
408.21 10.47 39 1 1975 20 1 0 0 0 0 0 0 "no"
620.26 7.85 79 3 1974 7 1 0 0 0 0 0 0 "no"
449.97 7.5 60 2 1966 20 1 0 0 0 0 0 1 "no"
284.94 10.96 26 1 1918 8 0 0 0 0 0 0 0 "yes"
608.45 9.08 67 3 1973 8 0 0 0 0 0 0 0 "no"
567.25 9.78 58 2 1918 8 0 0 0 1 0 0 0 "yes"
356.16 7.42 48 3 1918 8 0 0 0 0 0 0 0 "yes"
621.23 10.02 62 3 1957.5 9 1 0 0 0 0 0 0 "no"
611.62 11.33 54 2 1980 2 1 0 0 0 0 1 0 "no"
689.78 6.76 102 3 1918 2 0 0 0 0 0 0 0 "yes"
339.62 6.41 53 2 1948 25 0 0 0 0 0 0 0 "yes"
617.27 9.8 63 2 1996 25 0 0 0 0 0 0 1 "no"
644.84 7.5 86 3 1970 7 0 0 0 0 0 0 0 "no"
383.26 11.98 32 1 1960 7 0 0 0 0 0 0 0 "no"
297.76 4.88 61 2 1960 7 0 0 0 0 0 0 0 "no"
290.2 7.84 37 1 1967 7 0 0 0 0 0 0 0 "no"
569.47 8.25 69 3 1960 7 0 0 0 0 0 0 0 "no"
454.09 10.32 44 2 1960 6 0 0 0 0 0 0 0 "no"
265.02 6.16 43 2 1960 17 0 0 0 0 0 0 0 "no"
670.99 12.2 55 2 1986 18 1 0 0 0 0 0 0 "no"
444.29 7.28 61 2 1957 2 1 0 0 0 0 0 0 "no"
710.71 9 79 2 1918 9 1 0 0 0 0 1 0 "yes"
282.95 4.04 70 2 1918 2 1 0 0 0 1 0 0 "yes"
588 9.8 60 2 1918 9 0 0 0 0 0 0 0 "yes"
1380.51 13.27 104 3 1918 9 1 0 0 0 0 1 1 "yes"
1068.64 11.87 90 4 1977 9 1 0 0 0 0 0 1 "no"
383.47 9.83 39 2 1957.5 16 0 0 0 0 0 0 0 "no"
221.94 2.77 80 3 1918 5 0 0 0 0 0 0 0 "yes"
706.24 11.04 64 2 1918 5 1 0 0 0 0 0 0 "yes"
612.21 6.8 90 4 1918 5 1 0 0 1 0 0 0 "yes"
613.56 11.16 55 2 1918 5 1 0 0 0 0 0 0 "yes"
470.4 5.41 87 4 1918 5 1 0 0 0 0 0 0 "yes"
869.21 9.35 93 4 1918 6 0 0 0 0 0 0 1 "yes"
713.01 8.7 82 3 1998 5 0 0 0 0 0 0 0 "no"
475.5 10.57 45 2 1918 5 1 0 0 0 0 0 0 "yes"
388.59 11.43 34 1 1966 5 1 0 0 0 0 0 0 "no"
346.69 4.5 77 3 1957 16 0 0 0 0 1 0 0 "no"
765 12.75 60 3 1998.5 14 1 0 0 0 0 0 0 "no"
741.39 12.36 60 2 1998 15 1 0 0 0 0 0 0 "no"
392.67 6.77 58 2 1972 15 0 0 0 0 0 0 0 "no"
444.84 10.35 43 2 1996 14 1 0 0 0 0 0 0 "no"
791.86 10.7 74 2 1993 15 1 0 0 0 0 1 0 "no"
554 8.27 67 3 1957 13 0 0 0 0 1 0 0 "no"
770.34 7 110 4 1982 5 0 0 0 0 0 1 0 "no"
489.89 9.24 53 2 1998.5 15 0 0 0 0 0 1 0 "no"
104.14 1.47 71 2 1948 5 0 0 1 1 0 0 0 "yes"
611.87 11.33 54 2 1972 10 0 0 0 0 0 0 1 "no"
444.84 7.54 59 2 1957 24 0 0 0 0 0 0 0 "no"
730.72 9.74 75 3 1981 10 0 0 0 0 0 0 0 "no"
412.21 6.65 62 2 1918 9 1 0 0 0 0 0 0 "yes"
1482.77 13.73 108 3 1918 4 1 0 0 0 0 0 0 "yes"
646.63 8.98 72 3 1971 4 0 0 0 0 0 0 0 "no"
273.92 9.78 28 1 1960 8 0 0 0 0 0 0 0 "no"
325.85 9.58 34 1 1957 2 0 0 0 0 0 0 0 "no"
894.2 8.52 105 4 1918 2 0 0 0 0 0 1 0 "yes"
649.55 8.12 80 3 1918 8 0 0 0 0 0 0 0 "yes"
895 9.52 94 3 1918 2 0 0 0 1 1 0 0 "yes"
431.54 8.14 53 2 1918 2 0 0 0 0 0 0 0 "yes"
508.85 7.95 64 2 1966 3 1 0 0 0 1 0 0 "no"
603.33 10.77 56 2 1957 1 1 0 0 0 0 0 0 "no"
1088.36 10.37 105 3 1918 3 0 0 0 1 0 1 0 "yes"
516.29 6.22 83 3 1969 9 1 0 0 0 1 0 0 "no"
383.48 10.36 37 1 1973 9 0 0 0 0 0 0 0 "no"
434.61 12.42 35 2 1966 9 0 0 0 0 1 0 0 "no"
307.81 4.46 69 2 1957 9 1 0 1 1 1 0 0 "no"
175.25 6.26 28 1 1960 9 1 0 0 0 1 0 0 "no"
547.92 8.43 65 3 1993 9 1 0 0 0 0 0 0 "no"
313.06 8.94 35 2 1918 19 1 0 0 0 1 0 0 "yes"
424 6.63 64 3 1957.5 19 0 0 0 0 0 0 0 "no"
747.68 9.35 80 3 1996 19 1 0 0 0 0 0 0 "no"
672.21 8 84 3 1974 21 0 0 0 0 0 0 0 "no"
118.09 3.94 30 1 1966 22 0 0 0 0 1 0 0 "no"
336 11.2 30 1 1948 6 0 0 0 0 0 0 0 "yes"
522.08 6.45 81 3 1957 6 0 0 0 0 0 0 0 "no"
577.78 12.04 48 2 1984 16 0 0 0 0 1 0 0 "no"
495.96 10.12 49 2 1957 5 1 0 0 0 0 0 0 "no"
506.19 8.73 58 2 1969 18 0 0 0 0 0 0 0 "no"
261.38 3.96 66 3 1918 5 0 0 0 1 0 0 0 "yes"
1342.17 10.32 130 4 1918 5 0 0 0 0 0 1 0 "yes"
227.91 4.56 50 2 1918 5 0 0 1 1 0 0 0 "yes"
501.7 6.43 78 2 1957 4 1 0 0 0 1 0 0 "no"
401.86 20.09 20 1 1966 3 1 0 0 0 0 0 0 "no"
480.61 10.23 47 1 1993 4 1 0 0 0 0 0 0 "no"
1138.17 10.07 113 4 1918 4 1 0 0 0 0 1 1 "yes"
301.15 9.13 33 1 1960 5 0 0 0 0 0 0 0 "no"
901.6 9.02 100 3 1957 5 0 0 0 0 0 0 0 "no"
879.66 12.22 72 2 1988 19 0 1 0 0 1 0 0 "no"
398.27 7.97 50 2 1966 19 0 0 0 0 1 0 0 "no"
383.48 10.09 38 1 1918 17 0 0 0 0 0 0 0 "yes"
321.48 10.05 32 1 1973 17 0 0 0 0 0 0 0 "no"
501.08 9.83 51 2 1957 25 0 0 0 0 0 0 0 "no"
611.48 7.74 79 3 1966 20 0 0 0 0 1 0 0 "no"
284.37 3.06 93 4 1957 25 0 0 0 1 0 1 0 "no"
471.99 9.83 48 2 1960 11 0 0 0 0 0 0 0 "no"
373.34 8.89 42 1 1970 20 1 0 0 0 1 0 0 "no"
249.93 3.57 70 3 1968 7 0 0 0 0 0 0 0 "no"
545.73 6.35 86 4 1974 20 0 0 0 0 0 0 0 "no"
400.44 5.41 74 3 1966 18 0 0 0 0 0 0 0 "no"
613.56 9.44 65 3 1957 5 0 0 0 0 0 0 0 "no"
524.85 9.05 58 2 1987 18 0 0 0 0 0 0 0 "no"
1062.18 10.62 100 3 1918 2 0 0 0 0 0 0 0 "yes"
746.5 11.14 67 3 1957 3 1 0 0 0 0 1 0 "no"
430.06 7.96 54 1 1918 2 0 0 0 1 0 0 0 "yes"
541.98 7.53 72 3 1960 7 0 0 0 0 0 0 0 "no"
546.4 9.76 56 2 1960 7 0 0 0 0 0 0 0 "no"
431.15 8.45 51 2 1960 15 1 0 0 0 1 0 0 "no"
945.91 7.51 126 4 1973 13 0 0 0 0 0 1 0 "no"
710.87 8.36 85 3 1999 13 0 0 0 0 0 0 1 "no"
518.87 14.82 35 2 1983 14 1 0 0 0 1 0 0 "no"
390.74 8.31 47 2 1957 21 1 0 0 0 0 0 0 "no"
440.85 5.13 86 4 1957 21 1 0 0 0 0 0 0 "no"
396.67 5.59 71 3 1969 22 0 0 0 0 0 0 0 "no"
322.12 10.74 30 1 1972 5 0 0 0 0 0 0 0 "no"
588 8.4 70 2 1984 16 0 0 0 0 0 0 1 "no"
398.64 11.72 34 1 1966 5 1 0 0 0 0 0 0 "no"
562.43 10.23 55 3 1957.5 8 0 0 0 0 0 0 0 "no"
577.86 5.67 102 3 1918 8 0 0 0 0 1 0 0 "yes"
798.42 8.32 96 3 1918 8 0 0 0 0 0 0 0 "yes"
919.3 7.92 116 4 1918 8 0 0 0 0 0 0 0 "yes"
567.54 11.35 50 2 1998.5 6 1 0 0 0 0 0 0 "no"
509.39 9.8 52 2 1957 3 0 0 0 0 0 0 0 "no"
443.6 3.17 140 5 1918 3 0 0 1 1 0 0 0 "yes"
767.47 9.71 79 2 1957 4 1 0 0 0 1 0 0 "no"
465.28 10.11 46 1 1975 4 1 0 0 0 0 0 0 "no"
1459.49 8.74 167 4 1918 12 1 0 0 0 0 1 0 "yes"
197.44 4.7 42 1 1924 9 1 0 0 0 1 0 0 "yes"
375.7 7.22 52 2 1918 9 1 0 0 0 0 0 0 "yes"
717.13 8.75 82 3 1970 9 0 0 0 0 0 0 0 "no"
255.57 5.11 50 2 1918 9 0 0 1 1 0 0 0 "yes"
282.24 6.14 46 2 1924 9 0 0 0 0 0 0 0 "yes"
776.99 6.32 123 4 1918 8 0 0 0 0 0 0 0 "yes"
828.19 9.98 83 3 1918 9 0 0 0 0 0 0 0 "yes"
457.57 5.08 90 4 1967 9 0 0 0 0 0 0 0 "no"
1196.44 17.09 70 2 1960 13 0 1 0 0 0 1 1 "no"
588 10.32 57 2 1966 4 0 0 0 0 0 0 0 "no"
253.92 7.69 33 2 1957 12 0 0 0 0 0 0 0 "no"
1048.17 10.48 100 4 1990 12 0 0 0 0 0 1 0 "no"
396.7 7.08 56 2 1966 4 0 0 0 0 0 0 0 "no"
596.53 10.65 56 2 1966 4 0 0 0 0 0 0 0 "no"
769.51 9.62 80 3 1957 3 1 0 0 1 0 0 1 "no"
250.54 11.93 21 1 1966 3 1 0 0 0 0 0 0 "no"
296.78 9.89 30 1 1957 3 1 0 0 0 0 0 0 "no"
423.26 5.29 80 3 1918 4 1 0 0 0 0 0 0 "yes"
685.91 8.57 80 3 1918 12 0 0 0 0 0 0 0 "yes"
319.84 6.27 51 2 1957 6 0 0 0 0 1 0 0 "no"
412.61 9.38 44 2 1957.5 6 0 0 0 1 0 0 0 "no"
513.12 10.26 50 2 1966 7 0 0 0 0 1 0 0 "no"
638.89 6.39 100 4 1918 6 0 0 0 0 0 0 0 "yes"
869.21 10.23 85 3 1957 1 0 0 0 0 0 0 0 "no"
496.99 10.8 46 2 1996 10 0 0 0 0 0 0 0 "no"
475.5 5.4 88 4 1970 25 0 0 0 0 0 0 0 "no"
649.5 9.28 70 3 1974 25 0 0 0 0 0 0 0 "no"
295.72 7.78 38 1 1969 19 0 0 0 0 0 0 0 "no"
495.97 9.72 51 2 1973 19 1 0 0 0 0 1 0 "no"
461.54 5.63 82 3 1970 19 0 0 0 0 0 0 0 "no"
435.61 9.27 47 2 1966 19 0 0 0 0 0 0 0 "no"
875.73 8.76 100 4 1966 19 1 0 0 0 0 0 0 "no"
449.73 6.25 72 3 1969 13 0 0 0 0 0 0 0 "no"
373.11 9.33 40 2 1969 13 0 0 0 0 0 0 0 "no"
661.61 9.32 71 2 1983 15 0 1 0 0 0 0 0 "no"
261.28 5.33 49 2 1957 17 0 0 0 0 0 0 0 "no"
644.23 8.26 78 3 1970 17 0 0 0 0 0 0 0 "no"
470 10.44 45 2 1966 17 0 0 0 0 0 0 0 "no"
499.75 9.43 53 2 1966 17 0 0 0 0 1 0 0 "no"
570.9 7.82 73 3 1966 12 0 0 0 0 0 0 0 "no"
818.08 7.94 103 4 1967 4 0 0 0 0 0 0 0 "no"
387.69 7.75 50 2 1957.5 16 0 0 0 0 1 0 0 "no"
426.06 6.66 64 2 1966 16 0 0 0 0 1 0 0 "no"
564.6 7.24 78 2 1984 16 1 0 0 0 0 0 0 "no"
801.09 9.1 88 3 1998.5 2 1 0 0 0 0 1 0 "no"
509.26 8.21 62 3 1966 9 1 0 0 0 0 0 0 "no"
731.16 9.14 80 3 1972 10 0 0 0 0 0 1 0 "no"
839.89 12.92 65 2 1973 9 1 0 0 0 0 1 0 "no"
445.41 8.25 54 3 1948 3 1 0 0 0 0 0 0 "yes"
273.75 10.95 25 1 1957 3 1 0 0 0 0 0 0 "no"
314.45 9.83 32 1 1957 4 1 0 0 0 0 0 0 "no"
935.55 6.04 155 5 1918 2 1 0 0 0 1 1 0 "yes"
356.08 5.09 70 2 1918 2 1 0 0 0 0 0 0 "yes"
472.74 5.91 80 3 1918 2 1 0 0 1 1 0 0 "yes"
280.21 10.01 28 1 1918 3 1 0 0 0 1 0 0 "yes"
357.91 11.55 31 1 1918 6 0 0 0 0 0 0 0 "yes"
644.79 7.41 87 3 1924 18 0 0 0 0 0 0 0 "yes"
501.07 9.82 51 2 1939 9 0 0 0 1 0 0 0 "yes"
612.15 11.13 55 2 1998 25 1 0 0 0 0 0 0 "no"
541.98 10.63 51 2 1988 4 0 0 0 0 0 0 0 "no"
165.26 2.95 56 3 1957 25 0 0 0 1 0 0 0 "no"
242.36 8.66 28 1 1972 25 0 0 0 0 0 0 0 "no"
654.46 10.91 60 2 1957 13 1 0 0 0 0 0 1 "no"
920.34 7.61 121 4 1924 4 0 0 0 0 0 0 0 "yes"
285.73 4.33 66 3 1970 11 0 0 0 0 0 0 0 "no"
292.7 8.13 36 1 1966 17 0 0 0 0 0 0 0 "no"
510.79 12.16 42 1 1999 4 1 0 0 0 0 0 1 "no"
997.04 6.92 144 4 1918 9 0 1 0 0 0 0 0 "yes"
738.29 9.59 77 3 1980 12 1 0 0 0 0 0 0 "no"
305.81 5.1 60 2 1918 12 1 0 0 0 1 0 0 "yes"
794.11 9.93 80 3 1957 12 1 0 0 0 1 0 0 "no"
398.81 11.08 36 1 1967 25 0 0 0 0 0 0 0 "no"
349.05 5.54 63 3 1948 25 0 0 0 0 0 0 0 "yes"
392.87 4.14 95 4 1924 25 0 0 0 0 0 0 1 "yes"
322.88 11.96 27 1 1960 2 1 0 0 0 1 0 0 "no"
1150.42 10.96 105 4 1957.5 2 1 0 0 0 1 1 0 "no"
741.39 9.15 81 3 1918 5 0 0 0 0 0 0 0 "yes"
748.55 11.88 63 2 1957 3 1 0 0 1 0 0 0 "no"
752.8 7.68 98 3 1972 4 1 0 0 0 0 0 0 "no"
1149.09 10.08 114 3 1968 12 0 1 0 0 0 0 0 "no"
622.05 8.29 75 2 1985 12 1 0 0 0 0 0 0 "no"
788.16 10.24 77 2 1998.5 12 1 0 0 0 0 0 0 "no"
456.25 8.15 56 1 1991 15 1 0 0 0 0 1 1 "no"
719.74 10.43 69 3 1985 14 0 0 0 0 0 0 0 "no"
292.95 4.72 62 3 1992 16 0 0 0 0 0 0 0 "no"
429.49 7.16 60 2 1969 16 0 0 0 0 0 0 0 "no"
345.83 8.43 41 2 1983 16 0 0 0 0 0 0 0 "no"
801.96 11.46 70 3 1993 15 1 0 0 0 0 1 1 "no"
414.7 7.41 56 1 1974 14 1 0 0 0 0 0 0 "no"
548.39 11.67 47 2 1979 15 0 0 0 0 0 0 0 "no"
607.42 10.12 60 3 1960 5 1 0 0 0 0 0 0 "no"
559.52 5.83 96 3 1973 5 1 0 0 0 0 0 0 "no"
684.21 11.04 62 3 1981 5 1 0 0 0 0 0 0 "no"
784.32 5.6 140 6 1918 2 1 0 0 1 0 0 0 "yes"
613.56 10.4 59 3 1957 5 1 0 0 0 0 0 0 "no"
419.26 6.08 69 2 1960 11 0 0 0 0 0 0 0 "no"
470.4 12.38 38 1 1969 4 0 0 0 0 0 0 0 "no"
588 8.4 70 3 1973 11 0 0 0 0 0 0 0 "no"
233.58 3.11 75 3 1918 21 0 0 1 1 0 0 0 "yes"
958.5 9.88 97 3 1996 22 0 0 0 0 0 1 1 "no"
330.25 6.48 51 2 1957 14 0 0 0 0 0 0 0 "no"
642.55 10.04 64 2 1966 16 0 0 0 0 1 0 0 "no"
480 6.4 75 3 1969 11 0 0 0 0 0 0 0 "no"
664.69 8.52 78 3 1987 2 0 0 0 0 0 0 0 "no"
352.71 9.8 36 2 1918 2 1 0 0 0 0 0 0 "yes"
654.45 7.61 86 4 1969 9 0 0 0 0 0 0 0 "no"
1314.37 8.06 163 4 1918 9 1 0 0 0 0 1 1 "yes"
272.24 7.36 37 1 1918 8 0 0 0 1 0 0 0 "yes"
381.5 6.69 57 3 1957.5 8 0 0 0 0 0 0 0 "no"
502.57 6.36 79 3 1918 9 0 0 0 1 1 0 0 "yes"
481.34 4.77 101 4 1924 9 1 0 0 0 0 0 0 "yes"
672.36 12.45 54 2 1994 9 1 0 0 0 0 0 0 "no"
674.74 8.54 79 3 1957 9 1 0 0 0 0 0 0 "no"
438.45 9.74 45 2 1957.5 9 1 0 0 0 0 0 0 "no"
766.95 9.35 82 3 1918 9 1 0 0 0 0 0 0 "yes"
557.32 9.45 59 2 1972 9 0 0 0 0 0 0 0 "no"
512.88 7.22 71 3 1967 24 0 0 0 0 1 0 0 "no"
555.5 6.94 80 3 1972 10 0 0 0 0 0 0 0 "no"
418.23 9.96 42 2 1984 10 0 0 0 0 0 0 0 "no"
667.65 12.84 52 2 1984 12 1 0 0 0 0 0 0 "no"
712.76 4 178 5 1918 12 1 0 1 1 0 0 0 "yes"
641.68 11.06 58 2 1985 11 0 0 0 0 0 0 0 "no"
432.71 7.21 60 3 1966 11 0 0 0 0 0 0 0 "no"
642.51 8.45 76 3 1966 11 0 0 0 0 0 0 0 "no"
392.06 7.26 54 2 1960 11 0 0 0 0 0 0 0 "no"
632.38 11.29 56 2 1966 13 0 0 0 0 0 0 1 "no"
855.52 9.4 91 3 1998 13 0 0 0 0 0 0 0 "no"
695.2 7.4 94 4 1968 13 0 0 0 0 0 0 0 "no"
564.46 8.82 64 2 1985 13 0 0 0 0 0 0 0 "no"
967 9.67 100 3 1995 21 1 0 0 0 0 1 0 "no"
876.88 11.39 77 3 1998.5 21 1 0 0 0 0 0 1 "no"
482.77 7.43 65 2 1986 21 1 0 0 0 0 0 0 "no"
625.31 8.93 70 3 1966 18 0 0 0 0 0 0 0 "no"
528.68 8.53 62 3 1948 18 0 0 0 0 1 0 1 "yes"
507.95 8.47 60 2 1918 18 0 0 0 0 0 0 0 "yes"
664.69 8.63 77 3 1973 16 0 0 0 0 0 0 0 "no"
749.7 7.5 100 3 1997 16 1 0 0 0 0 1 0 "no"
520.33 6.59 79 3 1972 14 0 0 0 0 0 1 0 "no"
675 10.23 66 2 1960 14 0 0 0 0 0 0 0 "no"
429.69 3.98 108 4 1924 13 0 0 1 1 0 0 0 "yes"
598.41 5.44 110 3 1918 9 1 0 0 0 1 0 0 "yes"
377.98 8.4 45 2 1960 9 0 0 0 0 0 0 0 "no"
446.85 9.31 48 2 1957 9 0 0 0 0 0 0 0 "no"
644.03 11.5 56 2 1993 9 1 0 0 0 0 0 0 "no"
710.7 11.65 61 2 1983 2 1 0 0 0 0 1 0 "no"
398.17 6.22 64 3 1957 3 1 0 0 0 1 0 0 "no"
869.21 8.78 99 4 1918 8 0 0 0 0 0 0 0 "yes"
724.94 9.54 76 3 1966 10 0 0 0 0 0 0 0 "no"
567.88 9.31 61 3 1970 11 0 0 0 0 0 0 0 "no"
402.9 6.3 64 4 1966 11 0 0 0 0 1 0 0 "no"
329.68 5.68 58 3 1948 11 0 0 0 1 0 0 0 "yes"
326.95 9.08 36 2 1966 10 0 0 0 0 0 0 0 "no"
356.1 3.24 110 4 1918 5 1 0 0 0 0 0 0 "yes"
503.72 8.26 61 2 1918 5 0 0 0 0 0 0 0 "yes"
1184.64 12.74 93 3 1998.5 5 1 0 0 0 0 0 1 "no"
419.26 9.98 42 2 1960 4 1 0 0 0 1 0 0 "no"
848.98 10.61 80 3 1918 9 0 0 0 0 0 0 0 "yes"
698.41 8.41 83 3 1960 9 0 0 0 0 1 0 0 "no"
490.34 7.66 64 2 1918 2 1 0 0 1 0 0 0 "yes"
411.6 4.29 96 3 1918 2 1 0 1 1 0 0 0 "yes"
479.01 8.71 55 2 1918 8 0 0 0 0 0 0 0 "yes"
826.3 10.08 82 3 1957 2 0 0 0 0 0 0 0 "no"
368.13 8.18 45 2 1957.5 8 0 0 0 0 0 0 0 "no"
869.21 10.23 85 3 1957.5 8 0 0 0 0 0 0 0 "no"
630.83 6.93 91 3 1918 2 0 0 0 1 0 0 0 "yes"
1000.12 10 100 4 1998 24 0 0 0 0 0 1 0 "no"
1135.07 9.46 120 4 1996 12 0 0 0 0 0 0 0 "no"
515.39 11.71 44 2 1939 2 1 0 0 0 0 0 0 "yes"
922.14 9.92 93 3 1970 13 1 0 0 0 0 0 0 "no"
582.89 8.7 67 2 1991 13 0 0 0 0 0 0 0 "no"
306.78 11.8 26 1 1972 13 1 0 0 0 0 0 0 "no"
552.19 10.04 55 2 1996 13 1 0 0 0 1 0 0 "no"
1173.33 11.73 100 3 1998.5 5 0 1 0 0 0 0 1 "no"
373.18 8.89 42 2 1960 22 0 0 0 0 0 0 0 "no"
855.85 9.95 86 3 1960 22 0 0 0 0 0 0 0 "no"
145.31 2.34 62 3 1957 21 0 0 0 1 1 0 0 "no"
120.8 2.16 56 2 1969 22 0 0 0 0 0 0 1 "no"
775.49 6.15 126 4 1918 25 0 0 0 0 0 1 0 "yes"
446.44 7.2 62 2 1974 25 0 0 0 0 0 0 0 "no"
546.58 8.41 65 2 1969 25 0 0 0 0 0 0 0 "no"
425.63 8.87 48 2 1960 25 1 0 0 0 1 0 0 "no"
490.31 6.91 71 3 1957 25 0 0 0 0 1 0 0 "no"
313.69 5.92 53 2 1948 25 0 0 0 0 1 0 0 "yes"
706.84 6.26 113 4 1966 18 0 0 0 0 0 1 0 "no"
475.51 11.32 42 1 1957 18 0 0 0 0 0 0 0 "no"
1210.4 9.46 128 3 1918 9 1 0 0 0 0 1 1 "yes"
706.19 8.31 85 3 1918 9 0 1 0 0 0 0 0 "yes"
360 10.91 33 1 1975 19 0 0 0 0 0 0 0 "no"
1519.2 9.5 160 6 1918 19 0 0 0 0 0 0 0 "yes"
598.21 8.55 70 3 1918 19 0 0 0 0 0 0 0 "yes"
797.11 10.63 75 3 1966 19 1 0 0 0 0 1 0 "no"
422.53 4.86 87 4 1924 10 0 0 0 0 0 0 0 "yes"
632.45 6.32 100 4 1918 10 0 0 0 0 0 0 0 "yes"
287.2 4.29 67 3 1918 1 1 0 0 1 1 0 0 "yes"
804.79 5.47 147 6 1918 1 1 0 0 0 0 0 0 "yes"
554.76 11.56 48 2 1990 1 1 0 0 0 0 0 0 "no"
484.6 4.04 120 4 1918 1 1 0 1 1 1 1 0 "yes"
428.07 8.23 52 2 1991 2 0 0 0 0 0 0 0 "no"
1002.15 12.37 81 3 2000 2 0 0 0 0 0 0 0 "no"
452.02 7.41 61 3 1918 2 1 0 0 1 1 0 0 "yes"
937.49 9.66 97 3 1983 13 1 0 0 0 0 0 0 "no"
920.46 8.6 107 4 1966 18 1 0 0 0 0 0 0 "no"
847.38 10.46 81 3 2000 19 1 0 0 0 0 0 0 "no"
416.91 8.69 48 2 1966 19 0 0 0 0 0 0 0 "no"
294.37 9.81 30 1 1970 16 1 0 0 0 0 0 0 "no"
265.88 12.09 22 1 1973 16 0 0 0 0 0 0 0 "no"
587.99 8.91 66 3 1970 13 0 0 0 0 0 0 0 "no"
413.1 7 59 2 1948 18 0 0 0 0 0 0 0 "yes"
336.45 12.46 27 1 1971 17 0 0 0 0 1 1 0 "no"
814.93 9.48 86 4 1974 19 1 0 0 0 0 0 0 "no"
702 10.03 70 3 1967 19 1 0 0 0 0 0 0 "no"
523.8 5.76 91 3 1924 9 0 0 0 0 0 0 0 "yes"
279.04 4.9 57 2 1957 3 1 0 0 1 1 0 0 "no"
510.8 7.86 65 2 1918 9 1 0 0 1 1 0 0 "yes"
486.76 7.49 65 2 1957 9 1 0 0 0 1 0 0 "no"
894.76 10.53 85 3 1980 9 1 0 0 0 0 1 1 "no"
588.77 6.62 89 2 1918 8 0 0 0 1 1 0 0 "yes"
777.17 12.54 62 3 1966 11 0 0 0 0 0 0 0 "no"
637.65 7.59 84 3 1998.5 24 0 0 0 0 0 0 0 "no"
296.4 9.88 30 1 1971 14 0 0 0 0 0 0 0 "no"
542 8.21 66 2 1984 14 0 0 0 0 0 0 0 "no"
222.5 4.45 50 2 1966 14 0 0 0 0 0 0 0 "no"
271.77 6.47 42 2 1960 14 0 0 0 0 1 0 0 "no"
194.92 3.75 52 2 1924 14 0 0 0 0 1 0 0 "yes"
382.42 4.97 77 3 1918 16 0 0 0 0 1 0 0 "yes"
285.07 4.92 58 3 1918 16 0 0 0 0 1 0 0 "yes"
286.8 14.34 20 1 1972 5 0 0 0 0 0 0 0 "no"
706.65 9.18 77 3 1957 16 1 0 0 0 0 0 0 "no"
558.06 9.79 57 2 1986 16 0 0 0 0 0 0 0 "no"
797.62 11.08 72 2 1918 5 0 0 0 0 0 0 0 "yes"
838.53 12.71 66 3 1918 5 0 0 0 0 0 0 1 "yes"
417.73 8.19 51 2 1948 17 0 0 0 0 0 0 1 "yes"
884.55 10.53 84 3 1981 6 0 0 0 0 0 0 0 "no"
680.03 10.97 62 2 1918 5 1 0 0 0 0 0 0 "yes"
340.52 7.92 43 2 2000 11 0 0 0 0 0 0 0 "no"
461.19 8.54 54 2 1960 11 0 0 0 0 0 0 0 "no"
938.73 12.86 73 3 1988 10 0 0 0 0 0 0 0 "no"
560.9 7.79 72 3 1957 2 1 0 0 0 0 0 0 "no"
807.29 12.05 67 3 1972 2 1 0 0 0 0 0 1 "no"
291.33 7.67 38 1 1972 19 0 0 0 0 0 0 0 "no"
1034.33 10.34 100 3 1973 19 1 0 0 0 0 1 0 "no"
567.55 8.73 65 2 1991 18 0 0 0 0 0 0 1 "no"
696.39 9.41 74 3 1994 5 0 0 0 0 0 0 0 "no"
588.82 9.5 62 3 1966 19 0 0 0 0 0 0 0 "no"
764.61 8.89 86 3 1918 8 0 0 0 0 0 0 0 "yes"
690 9.08 76 3 1918 8 0 0 0 0 0 0 0 "yes"
655.76 7.9 83 5 1960 8 0 0 0 0 0 0 0 "no"
380.25 11.18 34 2 1960 2 1 0 0 0 0 0 0 "no"
498.51 8.75 57 3 1966 6 0 0 0 0 1 0 0 "no"
959.56 9.41 102 3 1918 21 0 0 0 0 0 1 0 "yes"
400.05 7.02 57 3 1918 6 0 0 1 0 0 0 0 "yes"
1140 8.84 129 4 1918 2 1 0 0 0 0 0 0 "yes"
522.96 5.03 104 3 1918 2 1 0 0 0 1 0 0 "yes"
306.78 8.77 35 1 1957 2 1 0 0 0 1 0 0 "no"
112.08 2.16 52 2 1918 6 0 0 0 1 0 0 0 "yes"
700.38 7.78 90 4 1948 17 0 0 0 0 0 0 0 "yes"
491.12 8.77 56 2 1967 25 0 0 0 0 0 0 0 "no"
521.48 10.23 51 2 1983 20 1 0 0 0 0 0 0 "no"
466.81 10.15 46 2 1957 25 0 0 0 0 0 0 0 "no"
649.35 9.28 70 3 1957 3 1 0 0 0 0 0 0 "no"
383.48 10.96 35 1 1960 4 1 0 0 0 0 0 0 "no"
766.95 9.96 77 3 1983 17 0 0 0 0 0 0 1 "no"
559.51 9.65 58 2 1998.5 6 0 0 0 0 0 0 0 "no"
396.26 12.38 32 1 1969 12 1 0 0 0 0 0 0 "no"
613.53 10.23 60 3 1957 25 0 0 0 0 1 0 0 "no"
685.14 10.23 67 2 1918 2 1 0 0 0 0 0 0 "yes"
574.96 11.5 50 2 2000 2 1 0 0 0 0 0 0 "no"
838.53 8.22 102 4 1980 16 0 0 0 0 0 0 0 "no"
912.72 12.01 76 3 1918 3 1 0 0 0 0 0 0 "yes"
301.97 10.07 30 1 1957 4 1 0 0 0 0 0 0 "no"
706.89 10.88 65 2 1957 3 1 0 0 1 1 0 0 "no"
613.56 7.97 77 3 1967 25 0 0 0 0 0 0 0 "no"
353.41 12.19 29 1 1966 25 1 0 0 0 0 0 0 "no"
295.19 7.38 40 1 1967 25 0 0 0 0 0 0 0 "no"
335.48 11.98 28 1 1967 25 0 0 0 0 0 0 0 "no"
519.82 8.12 64 3 1966 25 0 0 0 0 0 0 0 "no"
772.69 6.44 120 5 1966 6 0 0 0 0 0 0 0 "no"
419.01 9.98 42 2 1948 20 1 0 0 0 0 0 0 "yes"
448.34 8.97 50 2 1982 7 0 0 0 0 0 0 0 "no"
325.84 8.15 40 1 1973 7 1 0 0 0 0 0 0 "no"
339.09 7.89 43 1 1976 20 0 0 0 0 0 0 0 "no"
819.74 9.01 91 3 1998.5 20 1 0 0 0 0 1 1 "no"
779.37 7.22 108 6 1948 20 1 0 0 0 0 0 0 "yes"
574.65 7.77 74 3 1966 20 1 0 0 0 0 0 0 "no"
775.54 9.69 80 3 1957.5 20 1 0 0 0 0 0 0 "no"
627.11 8.36 75 3 1948 7 1 0 0 0 0 0 0 "yes"
650.89 11.22 58 2 1992 7 0 0 0 0 0 0 0 "no"
961.23 11.31 85 4 1924 16 1 0 0 0 0 0 1 "yes"
605.58 9.77 62 2 1973 16 0 0 0 0 0 0 0 "no"
592.67 8.72 68 3 1971 16 1 0 0 0 0 1 0 "no"
691.01 9.34 74 3 1948 9 1 0 0 0 0 0 1 "yes"
970.05 10.78 90 3 1960 9 1 0 0 0 0 0 0 "no"
383.94 8.17 47 2 1918 25 0 0 0 0 0 0 0 "yes"
434.37 11.74 37 1 1992 6 0 0 0 0 0 0 0 "no"
534.3 9.37 57 2 1981 20 0 0 0 0 0 0 0 "no"
359.75 5.53 65 3 1966 20 0 0 0 0 0 0 0 "no"
530.63 7.27 73 3 1966 10 0 0 0 0 0 0 0 "no"
664.69 9.11 73 3 1974 25 0 0 0 0 0 0 0 "no"
183.09 3.98 46 2 1918 25 0 0 1 1 0 0 0 "yes"
374.15 10.69 35 1 1967 25 0 0 0 0 1 0 0 "no"
568.5 8.01 71 3 1924 25 0 0 0 0 0 0 0 "yes"
516.41 10.13 51 2 1957 25 0 0 0 0 0 0 0 "no"
719.5 8.18 88 4 1918 25 0 0 0 0 1 0 0 "yes"
362.86 6.26 58 2 1948 25 0 0 0 0 0 0 0 "yes"
766.95 8.62 89 3 1994 17 1 0 0 0 0 0 1 "no"
499.95 6.76 74 2 1984 16 0 0 0 0 1 0 0 "no"
657.51 8.12 81 3 1973 16 0 0 0 0 0 1 0 "no"
591.62 10.38 57 2 1985 16 0 0 0 0 0 0 0 "no"
724.65 10.21 71 2 1957 2 1 0 0 0 0 0 0 "no"
781.8 10.29 76 3 1948 17 0 0 0 0 1 0 0 "yes"
700.48 7.37 95 3 1960 17 1 0 0 0 0 0 0 "no"
927.59 7.73 120 4 1948 18 0 1 0 0 0 0 0 "yes"
1046.87 9.52 110 4 1957 18 1 0 0 0 0 1 0 "no"
433.04 6.66 65 3 1957 18 1 0 0 0 1 0 0 "no"
346.48 7.07 49 2 1960 18 0 0 0 0 0 0 0 "no"
584.79 6.36 92 4 1939 17 0 0 0 0 0 0 0 "yes"
357.83 10.52 34 1 1987 4 1 0 0 0 0 0 0 "no"
766.95 8.52 90 4 1960 4 1 0 0 0 0 0 0 "no"
367.01 5.92 62 2 1948 3 1 0 0 0 1 0 0 "yes"
530.91 5.31 100 4 1918 4 1 0 0 0 0 0 0 "yes"
667.92 6.96 96 4 1924 4 1 0 0 0 1 0 1 "yes"
327.23 9.35 35 1 1972 4 0 0 0 0 0 0 0 "no"
817.97 8.18 100 4 1960 4 0 0 0 0 0 0 0 "no"
702 9.75 72 3 1957 4 1 0 0 0 0 0 0 "no"
957.26 13.68 70 2 1957.5 3 1 0 0 0 0 1 0 "no"
281.21 5.31 53 2 1918 3 1 0 1 1 0 0 0 "yes"
178.95 4.16 43 1 1957 4 1 0 0 0 0 0 0 "no"
337.46 9.12 37 1 1967 4 1 0 0 0 0 0 0 "no"
390.75 13.96 28 1 1975 4 1 0 0 0 0 0 0 "no"
493.41 5.03 98 3 1918 4 1 0 0 0 0 0 0 "yes"
423.01 7.83 54 2 1966 4 1 0 0 0 1 0 0 "no"
1278.25 9.61 133 4 1957.5 2 1 0 0 0 0 0 0 "no"
521.53 11.59 45 2 1957.5 8 0 0 0 0 0 0 0 "no"
361.91 4.83 75 4 1918 8 0 0 0 1 0 0 0 "yes"
992.72 10.45 95 3 1918 2 1 0 0 0 0 0 0 "yes"
945.91 8.6 110 3 1918 9 1 0 0 0 0 0 1 "yes"
583.91 8.72 67 2 1948 9 1 0 0 0 0 0 0 "yes"
105.9 2.3 46 2 1957 9 1 0 0 0 1 0 0 "no"
522.75 8.04 65 3 1960 9 0 0 0 0 0 0 0 "no"
1329.38 14.94 89 3 1918 9 1 0 0 0 1 0 1 "yes"
1022.6 8.18 125 5 1924 9 1 0 0 0 0 0 0 "yes"
674.63 10.54 64 2 1924 9 1 0 0 0 0 0 0 "yes"
727.66 9.45 77 3 1957 21 1 0 0 0 0 0 0 "no"
601.71 10.56 57 2 1998.5 22 0 0 0 0 1 0 1 "no"
601.02 10.02 60 2 1992 15 1 0 0 0 0 0 0 "no"
1527.3 8.98 170 5 1918 13 1 0 0 0 0 1 0 "yes"
524.76 7.5 70 2 1992 15 1 0 0 0 0 0 1 "no"
489.44 9.6 51 2 1993 15 1 0 0 0 0 0 0 "no"
732.8 7.33 100 4 1977 14 1 0 0 0 0 0 0 "no"
949.65 11.87 80 3 2001 15 1 0 0 0 0 0 1 "no"
482.83 9.66 50 2 1993 15 1 0 0 0 0 0 0 "no"
375.62 6.06 62 2 1969 16 0 0 0 0 1 0 0 "no"
621.72 9.14 68 2 1993 16 0 0 0 0 0 0 0 "no"
700.99 8.76 80 3 1991 13 0 0 0 0 0 0 0 "no"
771.76 12.86 60 2 1989 13 0 0 0 0 0 0 1 "no"
693.59 8.67 80 3 1971 15 0 0 0 0 1 0 0 "no"
874.32 11.66 75 3 1992 15 1 0 0 0 0 0 1 "no"
362 6.14 59 2 1957 3 1 0 1 1 1 0 0 "no"
808.25 10.63 76 3 1918 12 1 0 0 0 0 0 0 "yes"
922.64 6.59 140 5 1924 4 1 0 0 1 0 0 0 "yes"
704.44 8 88 4 1984 20 0 0 0 0 0 0 0 "no"
486.1 6.94 70 2 1966 6 0 0 0 0 1 0 0 "no"
608.44 10.31 59 2 1998 7 0 0 0 0 0 0 0 "no"
692.81 12.6 55 2 1957 6 0 0 0 0 0 0 0 "no"
512.37 8.99 57 2 1993 7 0 0 0 0 0 0 0 "no"
639.13 8.76 73 3 1957.5 7 0 0 0 0 1 0 0 "no"
1022.16 11.11 92 4 1992 7 0 0 0 0 0 0 1 "no"
421.73 7.53 56 3 1960 7 0 0 0 0 0 0 0 "no"
398.88 4.81 83 2 1948 7 0 0 0 0 0 0 0 "yes"
399.43 5.4 74 3 1924 6 0 0 0 0 0 0 0 "yes"
390.52 6.01 65 2 1957 2 0 0 0 1 0 0 0 "no"
611.82 9.41 65 3 1957 2 0 0 0 0 0 0 0 "no"
787.4 11.41 69 3 1993 2 0 0 0 0 1 0 1 "no"
629.7 12.35 51 2 1983 2 0 0 0 0 0 0 0 "no"
811.93 7.96 102 3 1980 3 1 0 0 0 0 0 0 "no"
765.87 7.82 98 4 1966 7 0 0 0 0 0 0 0 "no"
391.14 12.22 32 1 1957 5 1 0 0 0 1 0 0 "no"
772.48 9.66 80 3 1989 16 0 0 0 0 0 0 0 "no"
403.04 10.89 37 1 1957 17 0 0 0 0 0 0 0 "no"
569.08 7.69 74 3 1971 17 0 0 0 0 0 0 0 "no"
606.35 7.87 77 4 1960 19 0 0 0 0 0 0 0 "no"
591.71 10.57 56 2 1995 19 1 0 0 0 0 0 0 "no"
917.02 8.99 102 5 1918 5 1 0 0 0 0 1 0 "yes"
483.18 7 69 3 1971 19 0 0 0 0 0 0 0 "no"
421.61 7.4 57 1 1975 14 0 0 0 0 0 0 0 "no"
590.96 6.87 86 3 1972 19 0 0 0 0 0 0 0 "no"
458.35 8.04 57 2 1971 18 1 0 0 0 0 0 0 "no"
505.72 8.87 57 2 1918 18 0 0 0 0 0 0 0 "yes"
613.56 10.96 56 2 1918 6 0 0 0 0 0 0 0 "yes"
559.37 8.35 67 2 1990 10 0 0 0 0 0 0 0 "no"
338.95 9.42 36 1 1960 19 0 0 0 0 0 0 0 "no"
455.06 8.13 56 2 1973 19 0 0 0 0 0 0 0 "no"
251.15 7.61 33 1 1972 9 0 0 0 0 0 0 0 "no"
673.96 8.32 81 3 1981 20 0 0 0 0 0 0 0 "no"
764.94 11.42 67 2 1993 20 1 0 0 0 0 0 0 "no"
914.73 7.38 124 4 1971 20 1 0 0 0 0 1 0 "no"
464.6 6.45 72 3 1957.5 5 0 0 0 0 0 0 0 "no"
455.28 7.11 64 3 1957 5 1 0 0 0 0 0 0 "no"
409.42 5.12 80 3 1918 5 0 0 1 1 1 0 0 "yes"
483.19 13.06 37 1 1918 5 1 0 0 0 0 0 1 "yes"
663.85 5.53 120 2 1918 5 1 0 0 0 0 0 0 "yes"
656.83 6.57 100 3 1918 5 1 0 0 0 0 0 0 "yes"
269.93 5.19 52 2 1993 4 0 0 0 0 0 0 0 "no"
768.54 9.61 80 3 1966 4 0 0 0 0 1 0 0 "no"
613.55 8.18 75 3 1966 4 0 0 0 0 0 0 0 "no"
314.38 6.29 50 3 1948 4 0 0 0 0 0 0 0 "yes"
222.42 3.65 61 2 1957 3 1 0 0 1 1 0 0 "no"
330.12 5.24 63 3 1918 4 1 0 0 1 0 0 0 "yes"
492.41 7.03 70 2 1992 15 1 0 0 0 0 0 1 "no"
629.49 7.68 82 3 1918 16 1 0 0 0 0 1 0 "yes"
613.56 8.64 71 3 1989 13 0 0 0 0 0 0 0 "no"
537.9 9.12 59 2 1998.5 13 1 0 0 0 0 0 0 "no"
530.62 8.84 60 2 1990 13 1 0 0 0 0 0 1 "no"
812.96 10.42 78 3 1987 13 0 0 0 0 0 1 1 "no"
352.8 5.78 61 2 1918 9 0 0 0 0 0 0 0 "yes"
373.19 9.33 40 1 1975 5 0 0 0 0 0 0 0 "no"
741.38 10.9 68 2 1992 6 0 0 0 0 0 0 0 "no"
777.18 10.36 75 3 1918 6 0 0 0 0 0 0 0 "yes"
745.82 13.08 57 2 1994 20 1 0 0 0 0 0 0 "no"
418.63 5.37 78 3 1960 7 0 0 0 0 0 0 0 "no"
317 9.91 32 1 1970 7 0 0 0 0 0 0 0 "no"
209.3 6.54 32 1 1969 13 0 0 0 0 0 0 0 "no"
505.7 7.22 70 2 1980 6 0 0 0 0 0 0 0 "no"
1214.8 8.38 145 4 1996 25 0 0 0 0 0 0 1 "no"
1278.25 10.56 121 3 1960 12 1 0 0 0 0 0 1 "no"
388.59 12.54 31 1 1960 2 1 0 0 0 0 0 0 "no"
664.69 8.31 80 3 1918 2 1 0 0 0 0 1 0 "yes"
386.91 12.9 30 1 1960 2 0 0 0 0 0 0 0 "no"
272.62 9.4 29 1 1966 5 0 0 0 0 0 0 0 "no"
674.92 12.05 56 2 1957 5 0 0 0 0 0 0 0 "no"
441.29 8.83 50 2 1957 3 1 0 0 0 0 0 0 "no"
322.51 8.06 40 1 1957 19 0 0 0 0 0 0 0 "no"
603.56 13.12 46 2 1918 2 1 0 0 0 0 0 0 "yes"
396.73 11.02 36 1 1988 24 0 0 0 0 0 0 0 "no"
292.64 11.71 25 1 1960 3 1 0 0 0 0 0 0 "no"
500.18 5.21 96 4 1973 19 0 0 0 0 0 0 0 "no"
1159.36 7.63 152 5 2000 19 1 0 0 0 0 0 0 "no"
373.56 8.69 43 2 1957.5 6 0 0 0 0 0 0 0 "no"
586.29 7.15 82 3 1918 6 0 0 0 0 1 0 0 "yes"
633.65 7.37 86 4 1970 6 0 0 0 0 0 0 0 "no"
313.66 5.7 55 2 1948 21 1 0 0 0 0 0 0 "yes"
839.77 9.76 86 3 1918 3 1 0 1 0 0 0 0 "yes"
1069.68 11.89 90 2 1981 3 1 0 0 0 0 0 0 "no"
326.86 7.26 45 2 1924 12 0 0 0 0 0 0 0 "yes"
783.44 8.8 89 3 1981 12 1 0 0 0 0 0 0 "no"
466.36 9.72 48 2 1918 12 1 0 0 0 0 0 0 "yes"
342.57 10.71 32 1 1972 11 0 0 0 0 0 0 0 "no"
697.71 8.72 80 2 1966 11 0 0 0 0 0 0 0 "no"
668.24 11.72 57 2 1918 2 1 0 0 0 0 0 0 "yes"
480.63 8.58 56 1 1918 2 1 0 0 0 0 0 0 "yes"
511.93 6.83 75 4 1957 3 1 0 0 0 1 0 0 "no"
796.61 9.48 84 4 1960 3 1 0 0 0 0 0 0 "no"
623.79 12.23 51 2 1960 3 1 0 0 0 1 0 0 "no"
534.05 9.89 54 2 1987 2 0 0 0 0 0 0 0 "no"
396.87 6.96 57 2 1957 3 1 0 0 0 1 0 0 "no"
843.64 9.7 87 3 1918 3 0 0 0 0 0 0 0 "yes"
624.96 11.36 55 2 1918 5 1 0 0 0 0 0 0 "yes"
671.34 8.09 83 3 1960 9 1 0 0 0 1 0 0 "no"
846.58 9.51 89 4 1918 9 0 1 0 0 0 0 1 "yes"
420.26 6.78 62 2 1918 2 1 0 1 1 1 0 0 "yes"
1088.74 12.37 88 3 1960 9 1 0 0 0 0 0 0 "no"
447.1 9.12 49 2 1966 8 0 0 0 0 0 0 0 "no"
310.4 6.9 45 2 1939 8 0 0 0 0 1 1 0 "yes"
997.04 11.73 85 3 1995 8 0 0 0 0 0 1 0 "no"
613.12 6.59 93 4 1924 18 0 0 0 0 0 0 0 "yes"
486.26 4.96 98 4 1966 19 0 0 0 0 1 0 0 "no"
380.13 5.51 69 3 1960 11 0 0 0 0 1 0 0 "no"
383.48 7.99 48 2 1924 12 0 0 0 0 0 0 0 "yes"
398.81 6.43 62 3 1966 24 0 0 0 0 0 0 0 "no"
466.79 8.19 57 2 1988 4 0 0 0 0 0 0 1 "no"
1012.58 7.91 128 4 1972 4 0 0 0 0 0 0 0 "no"
521.75 7.79 67 3 1960 4 0 0 0 0 1 0 0 "no"
483.18 9.12 53 2 1957 2 1 0 0 0 0 0 0 "no"
855.03 10.3 83 3 1948 4 1 0 0 0 0 0 0 "yes"
541.98 10.23 53 2 2001 13 0 0 0 0 0 0 0 "no"
218.11 4.54 48 4 1957 25 1 0 0 0 0 0 0 "no"
406.93 6.26 65 2 1966 10 0 0 0 0 0 0 0 "no"
276.2 8.63 32 1 1973 10 0 0 0 0 0 0 0 "no"
813.56 12.91 63 2 1993 3 1 0 0 0 0 0 0 "no"
320.08 11.85 27 1 1972 3 1 0 0 0 0 0 0 "no"
489.83 7.54 65 3 1924 3 1 0 0 0 0 0 0 "yes"
626.5 7.37 85 2 1993 20 1 0 0 0 0 0 0 "no"
305.31 8.72 35 1 1974 7 0 0 0 0 0 0 0 "no"
555.55 7.31 76 3 1974 20 0 0 0 0 1 0 0 "no"
289.08 6.88 42 1 1957 17 1 0 0 0 0 0 0 "no"
392.94 5.95 66 3 1966 16 0 0 0 0 1 0 0 "no"
532.56 10.65 50 2 1918 17 0 0 0 1 1 0 0 "yes"
988 11.36 87 3 1992 17 1 0 0 0 0 0 0 "no"
397.98 4.28 93 4 1957.5 17 0 0 0 0 1 1 0 "no"
470.39 9.8 48 2 1983 16 0 0 0 0 0 0 0 "no"
505.99 10.12 50 2 1987 16 0 0 0 0 0 0 1 "no"
260.15 5 52 2 1948 16 0 0 0 0 0 0 0 "yes"
802.99 8.54 94 4 1992 19 1 0 0 0 0 0 0 "no"
271.16 7.75 35 1 1966 19 0 0 0 0 0 0 0 "no"
567.54 8.11 70 3 1973 16 0 0 0 0 0 0 0 "no"
323.42 9.24 35 1 1970 21 0 0 0 0 0 0 0 "no"
506.19 7.79 65 3 1966 7 0 0 0 0 1 0 0 "no"
